0 0.312760 0.890278 0.030729 0.047222
0 0.696354 0.382870 0.030208 0.036111
0 0.588281 0.085648 0.039062 0.095370
0 0.610677 0.544444 0.040104 0.064815
0 0.661198 0.684259 0.038021 0.031481
0 0.386979 0.057870 0.015625 0.063889
0 0.904687 0.228241 0.035417 0.058333
0 0.598958 0.517593 0.021875 0.055556
0 0.492448 0.736574 0.023438 0.039815
0 0.196354 0.119444 0.044792 0.075926
0 0.037760 0.843056 0.075521 0.041667
0 0.589063 0.077778 0.053125 0.048148
0 0.910156 0.767593 0.035937 0.029630
0 0.270052 0.653704 0.042188 0.033333
0 0.200781 0.174537 0.043229 0.045370
0 0.742708 0.190741 0.019792 0.075926
0 0.312760 0.853704 0.026562 0.048148
0 0.816406 0.164815 0.032813 0.053704
0 0.007552 0.255556 0.016146 0.081481
0 0.961979 0.727315 0.031250 0.052778
0 0.840104 0.431019 0.033333 0.056481
0 0.361458 0.108333 0.027083 0.037037
0 0.310156 0.685648 0.030729 0.056481
0 0.655990 0.961574 0.025521 0.069444
0 0.674479 0.855556 0.055208 0.057407
0 0.306250 0.658333 0.032292 0.024074
0 0.630208 0.578704 0.027083 0.040741
0 0.814583 0.200000 0.031250 0.057407
0 0.189583 0.245370 0.036458 0.053704
0 0.160677 0.271759 0.057813 0.037963
0 0.359375 0.127315 0.032292 0.047222
