0 0.354740 0.318884 0.038646 0.030361
0 0.358438 0.347477 0.034583 0.022731
0 0.347891 0.357819 0.028073 0.026750
0 0.426781 0.859426 0.026479 0.031815
0 0.444237 0.866176 0.013474 0.039759
0 0.392906 0.920579 0.019146 0.028194
0 0.289406 0.758250 0.023604 0.036870
0 0.303279 0.730852 0.028432 0.020963
0 0.302643 0.687565 0.029245 0.032537
0 0.290984 0.708722 0.030927 0.013741
0 0.343409 0.491921 0.037859 0.024583
0 0.351742 0.583338 0.021193 0.029639
0 0.722378 0.410065 0.046839 0.070130
