0 0.736111 0.502475 0.025000 0.044554
0 0.623611 0.553218 0.033333 0.061881
0 0.759722 0.565594 0.022222 0.071782
0 0.007639 0.224010 0.018056 0.032178
0 0.875000 0.763614 0.025000 0.081683
0 0.411111 0.079208 0.019444 0.054455
0 0.613889 0.191832 0.025000 0.101485
0 0.682639 0.943069 0.023611 0.049505
0 0.142361 0.808168 0.034722 0.042079
0 0.656250 0.039604 0.043056 0.079208
0 0.475694 0.827970 0.023611 0.061881
0 0.577083 0.829208 0.029167 0.064356
0 0.942361 0.711634 0.029167 0.051980
0 0.118750 0.875000 0.029167 0.037129
