0 0.232533 0.103003 0.056243 0.071240
0 0.676437 0.131567 0.026404 0.061963
0 0.474301 0.310474 0.035368 0.048682
0 0.949489 0.655210 0.022507 0.038936
0 0.366382 0.704053 0.025412 0.054590
0 0.115974 0.477310 0.071654 0.081572
0 0.832441 0.282134 0.032529 0.042783
0 0.826239 0.236475 0.031890 0.041309
0 0.811386 0.108960 0.041890 0.020654
0 0.797357 0.223975 0.024125 0.028027
0 0.865971 0.487275 0.040765 0.060488
0 0.408206 0.108960 0.063471 0.020654
0 0.907695 0.814580 0.049213 0.035410
0 0.488272 0.829229 0.032426 0.035410
0 0.178224 0.187715 0.015272 0.019961
0 0.176636 0.123140 0.019449 0.041201
0 0.503651 0.224106 0.027890 0.026338
0 0.928982 0.327070 0.019728 0.036953
0 0.941048 0.282383 0.021801 0.035469
0 0.123901 0.364272 0.030154 0.068389
0 0.290059 0.487485 0.021294 0.062861
0 0.736265 0.472471 0.025471 0.026973
0 0.414099 0.874541 0.044375 0.032285
0 0.253528 0.604164 0.021626 0.042673
