0 0.264338 0.827148 0.037500 0.062500
0 0.008824 0.271484 0.019118 0.037109
0 0.307353 0.839355 0.051471 0.053711
0 0.222059 0.929199 0.038235 0.081055
0 0.239338 0.848145 0.047794 0.077148
0 0.916544 0.342773 0.083088 0.093750
0 0.854779 0.516602 0.056618 0.115234
0 0.296324 0.733398 0.058824 0.119141
0 0.971691 0.441406 0.056618 0.056641
0 0.421324 0.261230 0.030882 0.125977
0 0.409191 0.292480 0.037500 0.059570
0 0.179779 0.973145 0.040441 0.049805
0 0.823529 0.351562 0.116176 0.050781
0 0.368382 0.933105 0.048529 0.088867
0 0.161029 0.931152 0.025000 0.061523
0 0.098897 0.975098 0.037500 0.045898
0 0.899265 0.485352 0.052941 0.062500
0 0.357721 0.835938 0.050735 0.078125
0 0.400000 0.169434 0.048529 0.092773
0 0.397794 0.806641 0.050000 0.087891
0 0.029779 0.359863 0.061029 0.096680
0 0.173897 0.021484 0.094853 0.044922
0 0.013235 0.028320 0.027941 0.056641
0 0.107353 0.014648 0.061765 0.029297
0 0.524265 0.794434 0.066176 0.063477
0 0.056250 0.903809 0.047794 0.108398
0 0.334926 0.641602 0.043382 0.050781
0 0.408088 0.217773 0.045588 0.070312
0 0.961397 0.026855 0.041912 0.043945
0 0.106618 0.832520 0.045588 0.063477
0 0.051838 0.431641 0.080147 0.115234
0 0.465809 0.761230 0.050735 0.061523
0 0.465809 0.840820 0.075735 0.060547
0 0.431618 0.693359 0.063235 0.050781
0 0.313235 0.096191 0.032353 0.067383
0 0.383456 0.645020 0.065441 0.069336
0 0.930515 0.427734 0.068382 0.089844
0 0.559926 0.419434 0.027206 0.067383
0 0.613235 0.499023 0.057353 0.064453
0 0.603309 0.443359 0.068382 0.054688
0 0.511397 0.433105 0.041912 0.024414
