0 0.114706 0.983398 0.027941 0.031250
0 0.950000 0.666016 0.019118 0.035156
0 0.052206 0.094727 0.026471 0.039062
0 0.671324 0.750977 0.029412 0.029297
0 0.291176 0.823730 0.025000 0.030273
0 0.442279 0.556152 0.043382 0.024414
0 0.523529 0.637695 0.039706 0.033203
0 0.324632 0.978027 0.021324 0.032227
0 0.006618 0.829102 0.013235 0.052734
0 0.772794 0.806641 0.017647 0.037109
0 0.836397 0.896484 0.028676 0.029297
0 0.629044 0.292480 0.028676 0.028320
0 0.193015 0.955566 0.022794 0.041992
0 0.530515 0.820312 0.043382 0.033203
0 0.464706 0.316895 0.022059 0.030273
0 0.225735 0.040527 0.033824 0.038086
0 0.421691 0.618652 0.028676 0.034180
0 0.521691 0.877441 0.028676 0.059570
0 0.621324 0.869141 0.036765 0.027344
0 0.894485 0.825195 0.036029 0.041016
0 0.084191 0.028320 0.036029 0.048828
0 0.419853 0.412109 0.038235 0.035156
0 0.297794 0.490723 0.035294 0.034180
0 0.244853 0.011230 0.014706 0.024414
