0 0.410844 0.249912 0.031062 0.064639
0 0.619805 0.184667 0.021901 0.067481
0 0.549336 0.761463 0.020547 0.080333
0 0.441758 0.797769 0.017891 0.054796
0 0.372003 0.702269 0.020047 0.058241
0 0.251125 0.969231 0.039750 0.040315
0 0.463396 0.888259 0.018458 0.069111
0 0.731914 0.907218 0.048203 0.029250
0 0.906078 0.750676 0.019448 0.082833
0 0.915221 0.603861 0.040859 0.129944
0 0.966378 0.508949 0.052547 0.032713
0 0.987844 0.799111 0.024646 0.068593
0 0.251802 0.248759 0.017146 0.058630
0 0.314779 0.201319 0.018099 0.058194
0 0.518622 0.073704 0.030995 0.078889
0 0.139398 0.383153 0.013172 0.073713
0 0.344820 0.714992 0.024971 0.045662
0 0.342680 0.770167 0.026398 0.041857
0 0.444349 0.102359 0.022831 0.048199
