0 0.810156 0.804167 0.021354 0.071296
0 0.019531 0.969444 0.039062 0.050000
0 0.046354 0.624074 0.061458 0.040741
0 0.899479 0.586111 0.053125 0.046296
0 0.621354 0.268519 0.022917 0.051852
0 0.316406 0.844907 0.055729 0.071296
0 0.949479 0.266667 0.046875 0.053704
0 0.510677 0.854630 0.046354 0.037037
0 0.833854 0.053241 0.044792 0.063889
0 0.416406 0.147222 0.049479 0.038889
0 0.575781 0.491667 0.045312 0.107407
0 0.408333 0.357870 0.038542 0.089815
0 0.866927 0.929167 0.058854 0.073148
