0 0.861979 0.915741 0.044792 0.059259
0 0.310156 0.846759 0.038021 0.065741
0 0.885156 0.919444 0.022396 0.088889
0 0.620313 0.281944 0.021875 0.054630
0 0.023177 0.965741 0.047396 0.048148
0 0.903906 0.592130 0.053646 0.037963
0 0.943229 0.267593 0.047917 0.055556
0 0.331250 0.827315 0.025000 0.100926
0 0.416927 0.147222 0.030729 0.051852
0 0.835677 0.045370 0.047396 0.046296
0 0.571875 0.465741 0.034375 0.053704
0 0.562760 0.507407 0.057813 0.051852
0 0.410156 0.351389 0.053646 0.069444
