0 0.991927 0.315741 0.016146 0.040741
0 0.596354 0.686111 0.013542 0.048148
0 0.740104 0.982407 0.016667 0.033333
0 0.577865 0.666667 0.034896 0.029630
0 0.565104 0.700926 0.011458 0.044444
0 0.690104 0.980093 0.020833 0.036111
0 0.554427 0.377315 0.010937 0.041667
0 0.645833 0.362500 0.014583 0.050926
0 0.620052 0.592593 0.013021 0.046296
0 0.750000 0.680556 0.043750 0.027778
0 0.676302 0.335185 0.027604 0.029630
0 0.913281 0.104630 0.040104 0.053704
0 0.912240 0.518519 0.034896 0.044444
0 0.283854 0.212037 0.029167 0.046296
0 0.751563 0.630556 0.035417 0.024074
