0 0.750000 0.125488 0.022059 0.034180
0 0.007353 0.308105 0.014706 0.049805
0 0.408088 0.790527 0.030882 0.020508
0 0.391544 0.659180 0.036029 0.023438
0 0.798897 0.097656 0.019853 0.039062
0 0.643382 0.575195 0.026471 0.042969
0 0.366544 0.363770 0.019853 0.038086
0 0.933824 0.625977 0.032353 0.039062
0 0.350735 0.412109 0.030882 0.029297
0 0.504779 0.344238 0.027206 0.034180
0 0.783456 0.500488 0.031618 0.034180
0 0.583088 0.351562 0.035294 0.031250
0 0.619485 0.026855 0.031618 0.043945
0 0.781985 0.233398 0.018382 0.042969
0 0.161397 0.433105 0.030147 0.038086
0 0.305882 0.205566 0.026471 0.051758
0 0.603676 0.157227 0.030882 0.033203
