0 0.905882 0.365234 0.048529 0.041016
0 0.192647 0.934570 0.057353 0.041016
0 0.008824 0.028320 0.019118 0.058594
0 0.353309 0.887695 0.058088 0.042969
0 0.953676 0.033691 0.051471 0.038086
0 0.931618 0.511230 0.038235 0.067383
0 0.978676 0.460449 0.041176 0.055664
0 0.966176 0.443359 0.058824 0.083984
0 0.256250 0.901855 0.031618 0.055664
0 0.916544 0.391602 0.058088 0.074219
0 0.121324 0.025391 0.055882 0.052734
0 0.360662 0.943359 0.050735 0.056641
0 0.293382 0.717773 0.057353 0.060547
0 0.302941 0.893066 0.052941 0.045898
0 0.317647 0.850098 0.044118 0.045898
0 0.234191 0.851562 0.033088 0.029297
0 0.662868 0.978516 0.036029 0.035156
0 0.100735 0.818848 0.027941 0.067383
0 0.956250 0.441895 0.052206 0.084961
0 0.356618 0.844727 0.045588 0.052734
0 0.327206 0.674316 0.029412 0.065430
0 0.180147 0.978516 0.039706 0.041016
0 0.841912 0.348145 0.055882 0.043945
0 0.008088 0.399902 0.017647 0.045898
0 0.381618 0.795898 0.045588 0.091797
0 0.613235 0.502441 0.042647 0.057617
0 0.034926 0.356445 0.037500 0.095703
0 0.317647 0.096191 0.041176 0.067383
0 0.177574 0.031738 0.081618 0.065430
0 0.609559 0.434570 0.055882 0.070312
0 0.039706 0.429688 0.075000 0.058594
0 0.284191 0.772949 0.046324 0.071289
0 0.564338 0.417480 0.043382 0.034180
0 0.405147 0.168945 0.061765 0.056641
0 0.054412 0.898438 0.052941 0.083984
0 0.914338 0.309570 0.068382 0.052734
0 0.793382 0.344727 0.076471 0.050781
0 0.877941 0.500488 0.070588 0.049805
0 0.437132 0.693848 0.062500 0.049805
0 0.387132 0.651855 0.050735 0.067383
0 0.411765 0.264648 0.052941 0.093750
0 0.394853 0.268066 0.054412 0.030273
0 0.413603 0.219238 0.047794 0.053711
0 0.458088 0.768066 0.051471 0.045898
0 0.510294 0.802734 0.077941 0.072266
0 0.428676 0.820312 0.054412 0.041016
0 0.511397 0.875977 0.050735 0.023438
0 0.261029 0.825195 0.025000 0.058594
0 0.485662 0.787598 0.033088 0.049805
