0 0.931250 0.875977 0.027206 0.044922
0 0.037132 0.030273 0.027206 0.048828
0 0.786765 0.672363 0.023529 0.032227
0 0.645221 0.056641 0.025735 0.050781
0 0.133824 0.587402 0.033824 0.047852
0 0.955882 0.900391 0.016176 0.041016
0 0.987132 0.686523 0.024265 0.023438
0 0.294485 0.731445 0.025735 0.046875
0 0.066176 0.425781 0.035294 0.031250
0 0.058824 0.721191 0.038235 0.047852
0 0.421691 0.952148 0.025735 0.050781
0 0.169853 0.019531 0.016176 0.037109
0 0.158824 0.613281 0.038235 0.042969
0 0.451103 0.361816 0.024265 0.053711
0 0.843015 0.162109 0.025735 0.019531
0 0.613603 0.987305 0.028676 0.023438
0 0.341176 0.006348 0.027941 0.014648
0 0.661029 0.613770 0.030882 0.057617
0 0.744853 0.971191 0.026471 0.030273
0 0.780515 0.934570 0.028676 0.029297
0 0.730882 0.867188 0.019118 0.035156
0 0.539706 0.513184 0.027941 0.038086
0 0.639338 0.285156 0.036029 0.039062
0 0.958088 0.110352 0.023529 0.037109
0 0.566176 0.562988 0.026471 0.032227
0 0.587500 0.776855 0.033824 0.043945
0 0.006985 0.544434 0.015441 0.038086
0 0.211397 0.322266 0.024265 0.037109
0 0.868015 0.495605 0.025735 0.034180
0 0.425000 0.347656 0.027941 0.056641
0 0.136029 0.193359 0.023529 0.064453
0 0.432353 0.275391 0.027941 0.044922
0 0.048897 0.448730 0.075735 0.059570
0 0.637500 0.950684 0.020588 0.032227
0 0.784926 0.870605 0.034559 0.047852
0 0.626838 0.051270 0.021324 0.057617
