0 0.442509 0.408211 0.040900 0.039079
0 0.335820 0.382368 0.042228 0.034268
0 0.637522 0.291680 0.022103 0.044297
0 0.696116 0.971120 0.038964 0.036725
0 0.522194 0.844518 0.013506 0.056223
0 0.528074 0.798960 0.047324 0.035420
0 0.227029 0.541372 0.014353 0.041729
0 0.196336 0.953263 0.027966 0.037385
0 0.442136 0.647246 0.031331 0.050352
0 0.721298 0.767271 0.032301 0.018916
0 0.943115 0.816940 0.028878 0.047943
0 0.012355 0.093049 0.017597 0.055088
0 0.742312 0.679131 0.030213 0.032090
0 0.398971 0.833008 0.030294 0.039062
0 0.458978 0.315995 0.018576 0.038035
0 0.077399 0.913754 0.017028 0.037007
