0 0.293187 0.473633 0.031963 0.037109
0 0.168007 0.168071 0.028662 0.050986
0 0.134338 0.475776 0.031912 0.029678
0 0.116684 0.467383 0.067191 0.055859
0 0.948761 0.623672 0.043110 0.024687
0 0.879460 0.707485 0.001566 0.000908
0 0.500276 0.909116 0.074081 0.060420
0 0.564857 0.908911 0.001772 0.001416
0 0.857746 0.950728 0.034610 0.045986
0 0.340625 0.014116 0.026838 0.028232
0 0.056386 0.092905 0.017184 0.045186
0 0.494276 0.222383 0.025316 0.026797
0 0.540592 0.177056 0.026772 0.045518
0 0.823489 0.073706 0.016096 0.030225
0 0.886860 0.466206 0.051662 0.045693
0 0.149489 0.372505 0.019566 0.034072
0 0.133456 0.353086 0.031618 0.049922
0 0.827603 0.271812 0.047853 0.027998
0 0.821430 0.223950 0.041390 0.061182
0 0.682038 0.090032 0.022244 0.063189
0 0.416343 0.939396 0.033366 0.036929
0 0.356099 0.698948 0.041399 0.027081
0 0.253528 0.578314 0.020391 0.066472
0 0.235918 0.082236 0.023480 0.064010
0 0.475661 0.298475 0.024716 0.043494
0 0.504084 0.185637 0.056846 0.037749
0 0.834349 0.861024 0.043870 0.031184
0 0.605728 0.796604 0.029041 0.030364
0 0.473190 0.778140 0.054375 0.031184
0 0.386066 0.840919 0.019773 0.059907
0 0.899537 0.785115 0.021008 0.054983
0 0.173375 0.136102 0.043344 0.048314
0 0.961687 0.256887 0.025542 0.047286
0 0.940015 0.172595 0.030186 0.059622
0 0.400929 0.111945 0.047988 0.022615
0 0.782508 0.494346 0.024768 0.043174
0 0.121517 0.299548 0.027864 0.040090
