0 0.795833 0.538366 0.033333 0.051980
0 0.789583 0.034653 0.031944 0.074257
0 0.198611 0.449257 0.030556 0.037129
0 0.531250 0.269802 0.018056 0.044554
0 0.137500 0.674505 0.033333 0.032178
0 0.623611 0.193069 0.033333 0.049505
0 0.588194 0.271040 0.026389 0.071782
0 0.836111 0.601485 0.022222 0.054455
0 0.811111 0.378713 0.036111 0.034653
0 0.767361 0.625000 0.020833 0.066832
0 0.150000 0.926980 0.047222 0.042079
0 0.972222 0.440594 0.033333 0.044554
0 0.217361 0.486386 0.031944 0.032178
0 0.353472 0.563119 0.031944 0.061881
0 0.650000 0.405941 0.019444 0.054455
0 0.375694 0.263614 0.040278 0.042079
0 0.654861 0.550743 0.029167 0.066832
0 0.263889 0.413366 0.022222 0.044554
