0 0.819118 0.560059 0.016176 0.043945
0 0.536765 0.960938 0.017647 0.039062
0 0.630515 0.225098 0.028676 0.030273
0 0.017279 0.325684 0.025735 0.043945
0 0.502941 0.333984 0.033824 0.035156
0 0.017279 0.294434 0.036029 0.036133
0 0.572794 0.365234 0.038235 0.029297
0 0.553676 0.250977 0.027941 0.025391
0 0.407353 0.629395 0.016176 0.040039
0 0.359926 0.419434 0.038971 0.026367
0 0.430882 0.457520 0.035294 0.022461
0 0.333088 0.375977 0.030882 0.025391
0 0.821324 0.792480 0.030882 0.026367
0 0.659926 0.577148 0.036029 0.035156
0 0.782353 0.225098 0.030882 0.032227
0 0.349632 0.195312 0.034559 0.041016
0 0.645956 0.304688 0.034559 0.035156
0 0.009926 0.813477 0.021324 0.035156
0 0.643382 0.014648 0.020588 0.031250
