0 0.216622 0.266106 0.034286 0.050731
0 0.135708 0.119435 0.043292 0.049981
0 0.053380 0.223986 0.090094 0.046120
0 0.156888 0.523773 0.025234 0.034583
0 0.347531 0.732616 0.050271 0.052269
0 0.471432 0.946833 0.019948 0.080704
0 0.519807 0.576676 0.045865 0.031130
0 0.526732 0.337856 0.042005 0.055343
0 0.496445 0.356704 0.019974 0.063407
0 0.508062 0.239546 0.034875 0.077241
0 0.731424 0.676394 0.031599 0.056491
0 0.797096 0.735199 0.034818 0.051880
0 0.811268 0.776884 0.047536 0.042657
0 0.519448 0.758838 0.036813 0.038046
0 0.199521 0.945606 0.031333 0.041213
0 0.794852 0.888375 0.037620 0.037861
0 0.991997 0.507699 0.016286 0.057991
0 0.587367 0.018449 0.035151 0.036898
0 0.503773 0.033273 0.028380 0.064694
0 0.307006 0.719432 0.020691 0.052004
0 0.022688 0.750507 0.042808 0.038052
0 0.441852 0.160705 0.019264 0.060883
