0 0.131618 0.019531 0.048529 0.035156
0 0.503676 0.328613 0.039706 0.083008
0 0.141544 0.705566 0.050735 0.022461
0 0.270588 0.620605 0.033824 0.038086
0 0.408456 0.814941 0.050735 0.073242
0 0.547426 0.330566 0.066912 0.038086
0 0.239338 0.514648 0.033088 0.039062
0 0.627574 0.981934 0.015441 0.034180
0 0.499265 0.085449 0.038235 0.086914
0 0.766544 0.785156 0.043382 0.062500
0 0.972059 0.571777 0.030882 0.077148
0 0.731985 0.763184 0.031618 0.092773
0 0.670956 0.646973 0.043382 0.045898
0 0.183456 0.723145 0.050735 0.053711
0 0.272426 0.700195 0.038971 0.093750
0 0.481618 0.643066 0.063235 0.055664
0 0.790441 0.632812 0.075000 0.068359
0 0.301471 0.403320 0.038235 0.050781
0 0.981250 0.382812 0.037500 0.072266
0 0.810662 0.668945 0.036029 0.050781
0 0.232353 0.670898 0.027941 0.060547
0 0.011765 0.865234 0.023529 0.054688
0 0.287132 0.332031 0.056618 0.107422
0 0.693382 0.750977 0.054412 0.060547
0 0.384191 0.637695 0.040441 0.070312
0 0.925000 0.922363 0.033824 0.083008
0 0.358456 0.550781 0.053676 0.087891
0 0.398529 0.756348 0.069118 0.047852
0 0.393015 0.797852 0.058088 0.037109
0 0.555515 0.399902 0.053676 0.036133
0 0.258456 0.369141 0.022794 0.099609
