0 0.493015 0.358398 0.030147 0.037109
0 0.839338 0.719238 0.028676 0.045898
0 0.513603 0.070312 0.018382 0.035156
0 0.466912 0.111816 0.023529 0.032227
0 0.903676 0.869141 0.032353 0.029297
0 0.726471 0.954102 0.023529 0.042969
0 0.793015 0.962402 0.022794 0.026367
0 0.039338 0.035645 0.036029 0.049805
0 0.370221 0.054688 0.022794 0.033203
0 0.852574 0.556641 0.034559 0.042969
0 0.633824 0.306152 0.022059 0.049805
0 0.848529 0.253906 0.030882 0.023438
0 0.921324 0.964355 0.027941 0.032227
0 0.449632 0.028320 0.018382 0.039062
0 0.020956 0.518555 0.022794 0.041016
0 0.342279 0.007324 0.028676 0.016602
0 0.059926 0.473145 0.046324 0.045898
0 0.637500 0.726562 0.023529 0.035156
0 0.168382 0.019531 0.017647 0.039062
0 0.563235 0.596191 0.048529 0.051758
0 0.951838 0.205566 0.015441 0.049805
0 0.660294 0.127930 0.044118 0.039062
0 0.296691 0.742188 0.040441 0.031250
0 0.230147 0.365723 0.025000 0.034180
0 0.912868 0.028320 0.040441 0.037109
0 0.401838 0.408691 0.036029 0.038086
0 0.430515 0.454102 0.036029 0.037109
0 0.125735 0.301270 0.030882 0.045898
0 0.129044 0.669434 0.037500 0.073242
0 0.791544 0.874023 0.019853 0.042969
0 0.036029 0.134766 0.022059 0.054688
0 0.020221 0.558105 0.025735 0.055664
