0 0.370406 0.685477 0.036646 0.041324
0 0.853297 0.521773 0.028469 0.050954
0 0.503576 0.533745 0.030068 0.037861
0 0.276643 0.145042 0.015786 0.062306
0 0.193818 0.300875 0.025135 0.046194
0 0.704053 0.534247 0.027112 0.069762
0 0.468607 0.272324 0.012842 0.065956
0 0.565283 0.888128 0.034960 0.026636
0 0.155751 0.550736 0.014983 0.049467
0 0.243864 0.449264 0.015696 0.077372
0 0.203125 0.154558 0.025641 0.051282
0 0.157534 0.508245 0.017123 0.063420
0 0.265224 0.325499 0.028045 0.022792
0 0.074920 0.784900 0.024038 0.061254
