0 0.215656 0.856824 0.049021 0.089574
0 0.217073 0.735282 0.042479 0.139083
0 0.392318 0.473597 0.031510 0.086083
0 0.439018 0.404602 0.061370 0.081426
0 0.500258 0.396630 0.022391 0.039556
0 0.609370 0.558495 0.030198 0.065139
0 0.382052 0.614407 0.030771 0.114000
0 0.564474 0.632787 0.052906 0.058167
0 0.852339 0.457931 0.032802 0.023269
0 0.814464 0.455148 0.019552 0.114000
0 0.858313 0.295144 0.053083 0.047694
0 0.278716 0.963579 0.041807 0.060491
0 0.340039 0.574903 0.045703 0.053509
0 0.299422 0.613662 0.045719 0.047694
0 0.332354 0.025593 0.033458 0.051185
0 0.303974 0.024431 0.044406 0.048861
