0 0.331510 0.819907 0.019271 0.075000
0 0.573177 0.493056 0.044271 0.091667
0 0.022656 0.969907 0.045312 0.049074
0 0.508854 0.860648 0.052083 0.047222
0 0.050781 0.642593 0.053646 0.070370
0 0.834375 0.046759 0.045833 0.041667
0 0.952604 0.267593 0.052083 0.061111
0 0.902083 0.592593 0.052083 0.035185
0 0.810156 0.807870 0.026562 0.056481
0 0.416406 0.143056 0.047396 0.037963
0 0.410156 0.362963 0.046354 0.092593
0 0.863281 0.933796 0.056771 0.078704
0 0.318229 0.858796 0.064583 0.036111
