0 0.792361 0.646040 0.029167 0.044554
0 0.638194 0.636139 0.015278 0.044554
0 0.757639 0.563119 0.023611 0.042079
0 0.122222 0.867574 0.030556 0.042079
0 0.623611 0.550743 0.036111 0.061881
0 0.136111 0.784653 0.030556 0.054455
0 0.682639 0.944307 0.029167 0.066832
0 0.409722 0.081683 0.019444 0.059406
0 0.875694 0.764851 0.026389 0.079208
0 0.612500 0.195545 0.027778 0.103960
0 0.014583 0.221535 0.029167 0.042079
0 0.473611 0.819307 0.019444 0.064356
0 0.658333 0.037129 0.041667 0.074257
0 0.575000 0.829208 0.027778 0.064356
0 0.014583 0.347772 0.029167 0.032178
