0 0.619531 0.013889 0.043229 0.027778
0 0.494010 0.506481 0.046354 0.037037
0 0.160156 0.565741 0.043229 0.035185
0 0.151823 0.027778 0.022396 0.055556
0 0.366406 0.342130 0.040104 0.030556
0 0.485156 0.484259 0.035937 0.064815
0 0.214583 0.813889 0.038542 0.035185
0 0.515104 0.528704 0.052083 0.044444
0 0.988281 0.509722 0.022396 0.087963
0 0.769010 0.293981 0.033854 0.060185
0 0.833854 0.745833 0.033333 0.063889
0 0.535156 0.225926 0.065104 0.061111
0 0.715625 0.590278 0.039583 0.058333
