0 0.430000 0.258998 0.029444 0.067500
0 0.480062 0.059691 0.032347 0.040173
0 0.358299 0.274975 0.041597 0.035099
0 0.426931 0.398948 0.048306 0.050371
0 0.413285 0.493144 0.018236 0.070446
0 0.686333 0.495421 0.014333 0.070050
0 0.762667 0.512748 0.039222 0.030446
0 0.587368 0.752215 0.030292 0.048985
0 0.632382 0.844356 0.045319 0.055050
0 0.852229 0.775755 0.032236 0.061411
0 0.030569 0.752017 0.041694 0.048589
0 0.669292 0.579084 0.016361 0.064109
0 0.465521 0.505371 0.022708 0.080050
0 0.847035 0.657092 0.019069 0.051807
