0 0.922153 0.165446 0.044306 0.073465
0 0.736229 0.648255 0.022458 0.063837
0 0.818375 0.751027 0.025639 0.086213
0 0.772646 0.498812 0.023069 0.066931
0 0.644375 0.835792 0.041528 0.042871
0 0.796243 0.661832 0.017486 0.046436
0 0.464313 0.516114 0.023069 0.071832
0 0.426139 0.497970 0.041167 0.055347
0 0.449035 0.242092 0.017514 0.048540
0 0.359181 0.282129 0.026694 0.069208
0 0.539590 0.759839 0.026403 0.039480
0 0.055993 0.782599 0.039764 0.080050
0 0.659736 0.509950 0.036139 0.074356
0 0.647542 0.419443 0.025639 0.056708
0 0.896605 0.897415 0.038889 0.037404
