0 0.626103 0.978516 0.021324 0.042969
0 0.895588 0.935059 0.060294 0.057617
0 0.718750 0.793945 0.033088 0.097656
0 0.140074 0.014648 0.056618 0.031250
0 0.423162 0.070312 0.043382 0.035156
0 0.268015 0.978027 0.028676 0.036133
0 0.265441 0.695312 0.023529 0.089844
0 0.364842 0.619024 0.047331 0.036876
0 0.471324 0.596191 0.052941 0.034180
0 0.768382 0.972656 0.026471 0.046875
0 0.274632 0.615723 0.036029 0.030273
0 0.476838 0.613770 0.036029 0.096680
0 0.984559 0.378906 0.030882 0.066406
0 0.760294 0.793945 0.064706 0.093750
0 0.286029 0.714355 0.045588 0.051758
0 0.416544 0.837402 0.061029 0.047852
0 0.475735 0.040527 0.055882 0.071289
0 0.170956 0.733398 0.052206 0.064453
0 0.856250 0.709473 0.031618 0.034180
0 0.677941 0.761230 0.058824 0.041992
0 0.828676 0.656738 0.044118 0.065430
0 0.776838 0.627930 0.047794 0.085938
0 0.312132 0.262695 0.040441 0.054688
0 0.685294 0.625488 0.052941 0.061523
0 0.216912 0.431152 0.027941 0.047852
0 0.243015 0.382812 0.040441 0.042969
0 0.270956 0.384277 0.024265 0.051758
0 0.289706 0.415527 0.027941 0.065430
0 0.302574 0.372070 0.027206 0.119141
0 0.374632 0.768066 0.047794 0.106445
0 0.398897 0.745605 0.046324 0.081055
0 0.240074 0.729980 0.028676 0.053711
0 0.533824 0.325684 0.066176 0.045898
0 0.514338 0.384766 0.025735 0.058594
0 0.570956 0.359863 0.069853 0.030273
0 0.505882 0.359863 0.066176 0.049805
0 0.551103 0.391602 0.053676 0.056641
0 0.931985 0.928223 0.049265 0.034180
0 0.386509 0.614109 0.029572 0.029721
0 0.406889 0.628439 0.017583 0.043521
0 0.336557 0.786600 0.022379 0.056258
