0 0.454861 0.346535 0.020833 0.044554
0 0.917361 0.783416 0.020833 0.071782
0 0.217361 0.889851 0.031944 0.056931
0 0.956250 0.636139 0.031944 0.064356
0 0.531250 0.181931 0.031944 0.051980
0 0.153472 0.376238 0.023611 0.059406
0 0.614583 0.768564 0.020833 0.076733
0 0.975000 0.184406 0.047222 0.056931
0 0.249306 0.163366 0.026389 0.059406
0 0.315972 0.608911 0.056944 0.049505
0 0.973611 0.920792 0.030556 0.059406
0 0.292361 0.872525 0.031944 0.051980
0 0.056250 0.726485 0.031944 0.056931
0 0.784722 0.716584 0.044444 0.061881
0 0.698611 0.618812 0.041667 0.039604
0 0.154861 0.814356 0.034722 0.064356
