0 0.473438 0.537500 0.028125 0.030556
0 0.010677 0.655093 0.022396 0.050926
0 0.243750 0.181944 0.031250 0.049074
0 0.288281 0.231481 0.033854 0.027778
0 0.322656 0.221296 0.018229 0.057407
0 0.785156 0.606944 0.030729 0.058333
0 0.428906 0.856481 0.021354 0.061111
0 0.983854 0.852315 0.017708 0.049074
0 0.560677 0.520833 0.022396 0.100926
0 0.342708 0.097222 0.045833 0.046296
0 0.466927 0.889352 0.028646 0.025000
0 0.124479 0.201852 0.032292 0.046296
0 0.888802 0.121296 0.029687 0.044444
0 0.765625 0.630093 0.022917 0.093519
0 0.328906 0.785648 0.029687 0.032407
0 0.160677 0.380093 0.027604 0.047222
0 0.202604 0.517593 0.023958 0.053704
0 0.439583 0.740741 0.030208 0.074074
0 0.695052 0.877778 0.024479 0.057407
0 0.744531 0.374074 0.029687 0.046296
0 0.822656 0.617593 0.045312 0.038889
0 0.970052 0.443981 0.039062 0.041667
0 0.185677 0.179167 0.035937 0.047222
0 0.495052 0.431944 0.026562 0.028704
