0 0.656250 0.881944 0.026042 0.037963
0 0.579688 0.826852 0.010417 0.051852
0 0.698698 0.965741 0.023438 0.035185
0 0.185938 0.141667 0.017708 0.059259
0 0.562760 0.681481 0.034896 0.025926
0 0.574479 0.659722 0.018750 0.047222
0 0.380208 0.608796 0.033333 0.028704
0 0.290104 0.203704 0.029167 0.057407
0 0.505729 0.427315 0.023958 0.030556
0 0.203385 0.492130 0.050521 0.034259
0 0.897135 0.110185 0.041146 0.055556
0 0.981250 0.641204 0.036458 0.036111
0 0.750000 0.467130 0.034375 0.028704
0 0.746354 0.974074 0.018750 0.048148
0 0.905729 0.530556 0.031250 0.037037
