0 0.379427 0.822685 0.026562 0.045370
0 0.602865 0.116204 0.028646 0.100926
0 0.900781 0.242593 0.032813 0.087037
0 0.994010 0.499537 0.010937 0.060185
0 0.694531 0.873148 0.030729 0.033333
0 0.202604 0.164352 0.045833 0.050926
0 0.922135 0.748148 0.022396 0.033333
0 0.600781 0.067130 0.048438 0.050926
0 0.393490 0.057407 0.016146 0.074074
0 0.967187 0.734259 0.046875 0.044444
0 0.915365 0.229167 0.019271 0.062037
0 0.492188 0.733333 0.028125 0.048148
0 0.274479 0.632407 0.048958 0.062963
0 0.172656 0.250926 0.047396 0.057407
0 0.627604 0.536574 0.042708 0.099074
0 0.675000 0.836574 0.026042 0.060185
0 0.852604 0.419444 0.030208 0.066667
0 0.818229 0.180556 0.025000 0.072222
0 0.310156 0.659722 0.032813 0.069444
0 0.013802 0.250926 0.027604 0.088889
0 0.668229 0.677315 0.032292 0.036111
0 0.314583 0.866204 0.018750 0.086111
0 0.101562 0.815278 0.034375 0.060185
0 0.741927 0.198148 0.020313 0.066667
0 0.365104 0.121296 0.038542 0.051852
0 0.202604 0.112037 0.039583 0.085185
0 0.598177 0.517593 0.033854 0.050000
0 0.657552 0.962963 0.033854 0.070370
0 0.711458 0.367593 0.030208 0.051852
