0 0.769853 0.361816 0.017647 0.059570
0 0.805515 0.354980 0.058088 0.049805
0 0.417279 0.238281 0.063971 0.097656
0 0.395588 0.266113 0.023529 0.081055
0 0.045956 0.416016 0.036029 0.054688
0 0.060294 0.846191 0.047059 0.079102
0 0.600735 0.460938 0.023529 0.062500
0 0.279044 0.417480 0.062500 0.071289
0 0.877941 0.359863 0.070588 0.063477
0 0.039338 0.452148 0.033088 0.035156
0 0.309926 0.096191 0.028676 0.069336
0 0.227574 0.825684 0.028676 0.053711
0 0.103309 0.813477 0.043382 0.044922
0 0.633824 0.464355 0.048529 0.034180
0 0.419853 0.224609 0.060294 0.080078
0 0.185662 0.955566 0.053676 0.067383
0 0.547794 0.396484 0.036765 0.041016
0 0.980882 0.802734 0.029412 0.070312
0 0.152574 0.024902 0.078676 0.051758
0 0.611765 0.525391 0.048529 0.058594
0 0.395588 0.150391 0.045588 0.136719
0 0.601838 0.439941 0.062500 0.051758
0 0.964706 0.023438 0.030882 0.039062
0 0.032721 0.365234 0.065441 0.058594
0 0.839706 0.481445 0.045588 0.039062
0 0.938603 0.301270 0.086029 0.061523
0 0.060662 0.909180 0.040441 0.087891
0 0.888235 0.528320 0.027941 0.054688
0 0.858456 0.497559 0.052206 0.045898
0 0.897059 0.479980 0.035294 0.057617
0 0.918015 0.433105 0.046324 0.071289
0 0.944485 0.427734 0.047794 0.054688
0 0.978676 0.431152 0.041176 0.051758
0 0.483456 0.853027 0.055147 0.049805
0 0.537132 0.795898 0.058088 0.044922
0 0.471324 0.752441 0.067647 0.040039
0 0.404412 0.797363 0.052941 0.079102
0 0.438603 0.799805 0.047794 0.039062
0 0.434559 0.698730 0.063235 0.055664
0 0.371324 0.672363 0.039706 0.081055
0 0.316544 0.670898 0.043382 0.042969
0 0.314338 0.717773 0.028676 0.064453
0 0.271324 0.756348 0.036765 0.034180
0 0.296324 0.787109 0.027941 0.080078
0 0.229779 0.881348 0.027206 0.075195
0 0.362500 0.955566 0.029412 0.065430
0 0.370221 0.924316 0.022794 0.069336
0 0.326838 0.851562 0.033088 0.046875
0 0.354779 0.846191 0.044853 0.069336
0 0.272794 0.848145 0.038235 0.049805
0 0.289706 0.891113 0.035294 0.057617
0 0.331250 0.893555 0.077206 0.039062
