0 0.364278 0.255433 0.023000 0.080173
0 0.432458 0.256213 0.037139 0.037178
0 0.034826 0.783502 0.039097 0.032351
0 0.474917 0.076819 0.027611 0.039777
0 0.774069 0.622314 0.048139 0.031757
0 0.812278 0.637834 0.032889 0.038045
0 0.886354 0.890520 0.019931 0.048366
0 0.900354 0.940210 0.025708 0.038837
0 0.943035 0.146547 0.019403 0.080223
0 0.771535 0.495965 0.029181 0.081040
0 0.408208 0.492797 0.038639 0.040050
0 0.974090 0.845322 0.034292 0.032228
0 0.828608 0.774319 0.042955 0.067623
0 0.187142 0.630142 0.044387 0.029346
