0 0.311915 0.212344 0.026772 0.061406
0 0.512846 0.352466 0.031574 0.033057
0 0.618827 0.024224 0.031772 0.030869
0 0.156952 0.436528 0.037434 0.033213
0 0.361805 0.414053 0.035375 0.029277
0 0.370798 0.349858 0.013654 0.041514
0 0.643096 0.578540 0.037662 0.026221
0 0.771349 0.208696 0.016228 0.042393
0 0.586136 0.343032 0.025138 0.032552
0 0.613788 0.381844 0.025138 0.051749
0 0.773607 0.508224 0.037926 0.017475
0 0.838235 0.283614 0.035604 0.041118
0 0.013932 0.315481 0.026316 0.039062
0 0.607585 0.159231 0.024768 0.034951
0 0.410604 0.792455 0.034830 0.022615
0 0.673375 0.069799 0.024768 0.049342
