0 0.719444 0.542079 0.038889 0.039604
0 0.834722 0.278465 0.030556 0.066832
0 0.947222 0.893564 0.025000 0.064356
0 0.611111 0.496287 0.033333 0.042079
0 0.670833 0.623762 0.033333 0.034653
0 0.072222 0.099010 0.052778 0.079208
0 0.417361 0.407178 0.054167 0.051980
0 0.165278 0.534653 0.038889 0.049505
0 0.781944 0.966584 0.033333 0.051980
0 0.058333 0.219059 0.058333 0.047030
0 0.061111 0.538366 0.047222 0.061881
0 0.145139 0.943069 0.034722 0.069307
0 0.486111 0.455446 0.041667 0.089109
