0 0.555839 0.149690 0.033552 0.071602
0 0.620518 0.570222 0.027495 0.040444
0 0.629057 0.530532 0.036240 0.038843
0 0.947195 0.926259 0.038141 0.106222
0 0.253263 0.735292 0.036734 0.037250
0 0.391089 0.104551 0.064469 0.055398
0 0.602060 0.264731 0.019745 0.096130
0 0.186298 0.245726 0.022436 0.099715
0 0.363381 0.622507 0.038462 0.027066
0 0.158253 0.383191 0.035256 0.081197
0 0.852163 0.239316 0.062500 0.075499
0 0.932692 0.333333 0.036058 0.084046
0 0.972756 0.341880 0.032853 0.072650
