0 0.237500 0.685644 0.033333 0.029703
0 0.478472 0.410891 0.045833 0.094059
0 0.073611 0.032178 0.052778 0.054455
0 0.909722 0.847772 0.016667 0.071782
0 0.101389 0.667079 0.027778 0.042079
0 0.827083 0.172030 0.031944 0.051980
0 0.023611 0.355198 0.025000 0.066832
0 0.508333 0.415842 0.050000 0.054455
0 0.158333 0.532178 0.038889 0.039604
0 0.784028 0.966584 0.026389 0.051980
0 0.672222 0.626238 0.033333 0.029703
0 0.592361 0.500000 0.037500 0.029703
0 0.822222 0.868812 0.033333 0.054455
0 0.298611 0.397277 0.052778 0.071782
0 0.140972 0.941832 0.031944 0.071782
