0 0.301057 0.197676 0.018781 0.089796
0 0.350667 0.184787 0.014875 0.088093
0 0.453328 0.149782 0.030615 0.019935
0 0.541359 0.292463 0.033760 0.040481
0 0.627198 0.256611 0.027313 0.046556
0 0.565888 0.404065 0.018234 0.076648
0 0.540096 0.521574 0.017693 0.054259
0 0.478089 0.520769 0.034302 0.050796
0 0.267594 0.389903 0.012271 0.083509
0 0.363740 0.522398 0.026437 0.061463
0 0.091346 0.703458 0.031651 0.040250
0 0.031130 0.834514 0.033094 0.048657
0 0.429404 0.906074 0.035891 0.034370
0 0.540333 0.657444 0.017125 0.063037
0 0.662883 0.804440 0.032016 0.069991
0 0.687182 0.808898 0.011865 0.067796
0 0.654167 0.893625 0.035417 0.100214
0 0.807693 0.890449 0.022677 0.084602
0 0.892138 0.831741 0.018651 0.091259
0 0.808690 0.456593 0.045505 0.039111
0 0.637617 0.452644 0.016901 0.036769
0 0.947820 0.510060 0.010224 0.062713
0 0.232372 0.235043 0.016827 0.075499
0 0.192308 0.039886 0.032853 0.044160
0 0.943109 0.381766 0.023237 0.058405
0 0.950721 0.293447 0.025641 0.058405
0 0.110176 0.542023 0.038462 0.017094
0 0.136218 0.581197 0.015224 0.103989
