0 0.420221 0.424692 0.040441 0.025166
0 0.607713 0.868271 0.022779 0.035371
0 0.537401 0.899414 0.032154 0.042969
0 0.522092 0.816768 0.010360 0.041738
0 0.550610 0.812793 0.018868 0.049414
0 0.909971 0.838506 0.031706 0.046152
0 0.865070 0.896309 0.031610 0.026992
0 0.063746 0.075410 0.034846 0.023867
0 0.223551 0.095825 0.033868 0.031494
0 0.245044 0.019722 0.029794 0.039443
0 0.421210 0.638208 0.023301 0.051807
0 0.531761 0.667114 0.019404 0.043213
0 0.252158 0.577881 0.014610 0.036621
0 0.106404 0.984224 0.020162 0.030947
0 0.424702 0.013252 0.037640 0.026504
0 0.797245 0.665974 0.023819 0.053642
0 0.517320 0.243707 0.038336 0.035891
0 0.614731 0.345119 0.021996 0.048411
