0 0.617361 0.405941 0.037500 0.054455
0 0.350694 0.215347 0.023611 0.044554
0 0.747222 0.514851 0.025000 0.059406
0 0.515972 0.023515 0.018056 0.051980
0 0.198611 0.884901 0.033333 0.037129
0 0.481944 0.924505 0.050000 0.037129
0 0.961111 0.445545 0.022222 0.054455
0 0.854861 0.652228 0.029167 0.051980
0 0.727083 0.506188 0.020833 0.042079
0 0.668750 0.589109 0.031944 0.069307
0 0.529861 0.642327 0.031944 0.042079
0 0.465278 0.514851 0.025000 0.054455
0 0.815972 0.680693 0.031944 0.059406
0 0.061111 0.778465 0.030556 0.051980
0 0.136111 0.230198 0.047222 0.034653
0 0.659722 0.754950 0.033333 0.039604
0 0.840972 0.741337 0.043056 0.051980
0 0.303472 0.873762 0.034722 0.059406
0 0.929861 0.148515 0.026389 0.084158
0 0.887500 0.886139 0.030556 0.044554
0 0.417361 0.469059 0.023611 0.066832
0 0.563889 0.771040 0.044444 0.042079
0 0.186111 0.501238 0.044444 0.037129
0 0.437500 0.219059 0.033333 0.056931
0 0.115972 0.425743 0.037500 0.044554
0 0.503472 0.080446 0.026389 0.071782
0 0.045833 0.242574 0.030556 0.034653
