0 0.882552 0.818981 0.023438 0.086111
0 0.877604 0.604630 0.017708 0.074074
0 0.973958 0.041204 0.028125 0.056481
0 0.513281 0.191204 0.015104 0.047222
0 0.558854 0.649074 0.030208 0.042593
0 0.941927 0.751852 0.025521 0.077778
0 0.841927 0.448611 0.024479 0.041667
0 0.411458 0.527315 0.018750 0.045370
0 0.870052 0.392593 0.026562 0.035185
0 0.248958 0.120370 0.022917 0.062963
0 0.875000 0.201389 0.050000 0.062037
0 0.613281 0.584722 0.021354 0.069444
0 0.837240 0.120370 0.022396 0.051852
0 0.407813 0.288889 0.019792 0.070370
0 0.495833 0.328241 0.015625 0.080556
0 0.049479 0.238426 0.020833 0.069444
0 0.663281 0.548148 0.026562 0.070370
0 0.924479 0.528241 0.038542 0.050926
0 0.428906 0.138889 0.034896 0.057407
0 0.604427 0.525926 0.033854 0.031481
0 0.287500 0.528241 0.021875 0.060185
0 0.798177 0.230556 0.029687 0.042593
0 0.355729 0.064815 0.030208 0.066667
0 0.478906 0.146296 0.022396 0.053704
0 0.633854 0.077315 0.023958 0.062037
0 0.907031 0.426852 0.029687 0.061111
0 0.454427 0.723148 0.028646 0.055556
0 0.714323 0.165741 0.034896 0.066667
0 0.276302 0.831481 0.039062 0.062963
0 0.219531 0.410648 0.024479 0.045370
0 0.511979 0.430093 0.035417 0.034259
