0 0.908854 0.093056 0.023958 0.060185
0 0.054427 0.197222 0.033854 0.027778
0 0.146615 0.652778 0.078646 0.059259
0 0.135156 0.594907 0.024479 0.050926
0 0.228906 0.217130 0.027604 0.049074
0 0.208333 0.442593 0.030208 0.042593
0 0.427604 0.710185 0.026042 0.038889
0 0.472656 0.818056 0.029687 0.045370
0 0.657552 0.943981 0.016146 0.073148
0 0.472656 0.289815 0.035937 0.050000
0 0.696615 0.112037 0.022396 0.044444
0 0.145833 0.293981 0.030208 0.049074
0 0.961458 0.209259 0.027083 0.048148
0 0.746875 0.701389 0.038542 0.036111
0 0.135156 0.551852 0.033854 0.046296
0 0.983854 0.177778 0.027083 0.064815
0 0.089583 0.711574 0.045833 0.028704
0 0.838802 0.617593 0.024479 0.031481
0 0.470052 0.979630 0.020313 0.035185
0 0.432031 0.322222 0.042188 0.040741
0 0.030729 0.492593 0.042708 0.031481
0 0.870052 0.388426 0.027604 0.032407
0 0.265104 0.068056 0.032292 0.047222
0 0.498177 0.618056 0.024479 0.043519
0 0.258333 0.384259 0.036458 0.064815
0 0.685156 0.026852 0.024479 0.051852
0 0.233333 0.329167 0.055208 0.043519
0 0.143229 0.767593 0.032292 0.033333
0 0.751302 0.940278 0.034896 0.106481
0 0.750260 0.649537 0.030729 0.060185
0 0.224479 0.780093 0.039583 0.039815
0 0.415365 0.757407 0.028646 0.085185
0 0.678125 0.356944 0.045833 0.065741
0 0.872656 0.820833 0.027604 0.065741
0 0.872656 0.194907 0.023438 0.034259
0 0.689583 0.369907 0.032292 0.028704
