0 0.233333 0.136139 0.036111 0.039604
0 0.650000 0.409653 0.019444 0.047030
0 0.150000 0.925743 0.044444 0.039604
0 0.539583 0.275990 0.026389 0.042079
0 0.625000 0.198020 0.033333 0.044554
0 0.133333 0.594059 0.041667 0.034653
0 0.579861 0.238861 0.023611 0.076733
0 0.559028 0.507426 0.015278 0.054455
0 0.213194 0.490099 0.040278 0.034653
0 0.720139 0.292079 0.029167 0.044554
0 0.776389 0.636139 0.019444 0.064356
0 0.861111 0.561881 0.033333 0.044554
0 0.375000 0.266089 0.038889 0.037129
0 0.989583 0.490099 0.020833 0.064356
0 0.678472 0.617574 0.037500 0.042079
0 0.620139 0.622525 0.034722 0.051980
