0 0.990104 0.518056 0.018750 0.047222
0 0.477604 0.462500 0.032292 0.054630
0 0.225781 0.792130 0.057813 0.054630
0 0.195573 0.030093 0.028646 0.045370
0 0.146875 0.558796 0.041667 0.039815
0 0.525781 0.205556 0.057813 0.037037
0 0.400260 0.292130 0.024479 0.069444
0 0.159375 0.032407 0.045833 0.066667
0 0.561458 0.215741 0.035417 0.042593
0 0.759635 0.518056 0.031771 0.060185
0 0.905729 0.685648 0.037500 0.060185
0 0.502083 0.505556 0.048958 0.044444
0 0.690365 0.802315 0.047396 0.054630
