0 0.557813 0.203241 0.029167 0.071296
0 0.496354 0.517593 0.042708 0.094444
0 0.540365 0.214352 0.063021 0.065741
0 0.623177 0.019907 0.018229 0.039815
0 0.536458 0.224537 0.056250 0.050926
0 0.084635 0.480556 0.031771 0.046296
0 0.820052 0.756481 0.033854 0.059259
0 0.508854 0.569907 0.055208 0.091667
0 0.707031 0.594907 0.042188 0.039815
0 0.648958 0.800926 0.040625 0.050000
0 0.987500 0.517130 0.023958 0.104630
0 0.777083 0.295370 0.023958 0.074074
0 0.207552 0.800926 0.032813 0.081481
