0 0.585596 0.361370 0.058693 0.044963
0 0.857594 0.458565 0.032896 0.087500
0 0.030583 0.857606 0.048667 0.074472
0 0.361208 0.040745 0.053667 0.061120
0 0.384273 0.625241 0.042505 0.054185
0 0.817667 0.324727 0.038458 0.069824
0 0.696370 0.223069 0.037531 0.036880
0 0.685044 0.405065 0.000297 0.002722
0 0.708091 0.555690 0.042224 0.050269
0 0.737031 0.503176 0.030313 0.030426
0 0.595008 0.947486 0.034807 0.044972
0 0.448896 0.460583 0.020708 0.067463
0 0.038741 0.335743 0.076341 0.032978
