0 0.362073 0.052421 0.032479 0.080769
0 0.489984 0.016759 0.057052 0.033519
0 0.619013 0.044551 0.041151 0.089102
0 0.052904 0.028009 0.093307 0.056019
0 0.127672 0.214741 0.043885 0.094296
0 0.223375 0.173755 0.067583 0.064176
0 0.344232 0.202009 0.034297 0.092907
0 0.427969 0.182319 0.037187 0.066491
0 0.472802 0.224236 0.022687 0.100324
0 0.269479 0.359463 0.022292 0.111519
0 0.454406 0.382153 0.026521 0.092083
0 0.564974 0.408319 0.019531 0.075898
0 0.583198 0.549097 0.055979 0.059306
0 0.653045 0.524929 0.024840 0.062678
0 0.690771 0.608843 0.030500 0.076944
0 0.279245 0.552810 0.041823 0.105620
0 0.225833 0.682935 0.037083 0.058463
0 0.191857 0.585681 0.028505 0.049139
0 0.160346 0.688028 0.047776 0.040870
0 0.360839 0.709560 0.027927 0.052454
0 0.489568 0.649356 0.034344 0.043157
0 0.410443 0.870958 0.015677 0.084509
0 0.651568 0.689528 0.075010 0.025352
0 0.761745 0.626208 0.057865 0.070935
0 0.760513 0.397662 0.040818 0.045324
0 0.797560 0.401370 0.035745 0.087926
0 0.758413 0.519231 0.057692 0.085470
0 0.905284 0.512278 0.038693 0.028259
0 0.961133 0.463884 0.049349 0.038880
0 0.928977 0.044083 0.039203 0.064093
0 0.695591 0.128606 0.023474 0.090546
0 0.217242 0.059134 0.035526 0.044194
0 0.023037 0.875706 0.046074 0.083321
0 0.138622 0.776353 0.071314 0.069801
0 0.068109 0.881054 0.058494 0.096866
0 0.094952 0.930199 0.094551 0.058405
0 0.110577 0.964387 0.063301 0.058405
0 0.068910 0.509972 0.044071 0.066952
0 0.036859 0.443732 0.029647 0.088319
0 0.013421 0.444463 0.026843 0.052744
0 0.031250 0.157407 0.056891 0.051282
0 0.092147 0.266382 0.060096 0.049858
0 0.162660 0.057692 0.050481 0.045584
0 0.114583 0.032764 0.037660 0.058405
0 0.163462 0.256410 0.055288 0.103989
0 0.191907 0.202991 0.060897 0.051282
0 0.193510 0.254274 0.027244 0.094017
0 0.088542 0.311966 0.046474 0.041311
0 0.017628 0.341880 0.032853 0.052707
0 0.126603 0.381766 0.056891 0.055556
0 0.100561 0.436610 0.051282 0.065527
0 0.126202 0.426638 0.041667 0.062678
0 0.146234 0.433761 0.035256 0.076923
0 0.013822 0.758239 0.027644 0.047817
0 0.121795 0.651709 0.028045 0.071225
0 0.141026 0.520655 0.050481 0.051282
0 0.194311 0.806268 0.041667 0.049858
0 0.194311 0.910969 0.036859 0.119658
0 0.168274 0.989209 0.036068 0.019729
0 0.185096 0.623932 0.053686 0.032764
0 0.230369 0.495014 0.032051 0.054131
0 0.184295 0.525641 0.044071 0.095442
0 0.161458 0.452279 0.035256 0.054131
0 0.211538 0.435185 0.036058 0.082621
0 0.253606 0.407407 0.060897 0.064103
0 0.250000 0.445869 0.031250 0.121083
0 0.211138 0.374644 0.059295 0.047009
0 0.208734 0.319088 0.033654 0.078348
0 0.236779 0.319801 0.065705 0.088319
0 0.253205 0.235043 0.039263 0.055556
0 0.235577 0.163818 0.040865 0.041311
0 0.308093 0.104701 0.064103 0.028490
0 0.293670 0.148148 0.060897 0.075499
0 0.223157 0.039886 0.025641 0.075499
0 0.163462 0.029915 0.063301 0.047009
0 0.245994 0.028490 0.034455 0.049858
0 0.280449 0.046296 0.032853 0.071225
0 0.312901 0.029915 0.017628 0.058405
0 0.351763 0.113960 0.021635 0.075499
0 0.391827 0.118234 0.055288 0.029915
0 0.409856 0.089744 0.033654 0.044160
0 0.455529 0.063390 0.046474 0.051282
0 0.498798 0.238604 0.044872 0.076923
0 0.509215 0.160969 0.036859 0.095442
0 0.419872 0.321937 0.037660 0.024217
0 0.420272 0.363960 0.043269 0.031339
0 0.362981 0.370370 0.058494 0.041311
0 0.383814 0.430912 0.015224 0.088319
0 0.347356 0.490028 0.051282 0.035613
0 0.266026 0.623219 0.032853 0.076923
0 0.314103 0.626068 0.039263 0.056980
0 0.303686 0.658832 0.053686 0.037037
0 0.351763 0.629630 0.058494 0.081197
0 0.403045 0.559829 0.024840 0.066952
0 0.415865 0.648860 0.026442 0.059829
0 0.401442 0.700142 0.024840 0.094017
0 0.426282 0.711538 0.037660 0.068376
0 0.426282 0.737179 0.044071 0.054131
0 0.317308 0.703704 0.048878 0.047009
0 0.313301 0.771368 0.024840 0.085470
0 0.360577 0.764957 0.034455 0.066952
0 0.383013 0.814103 0.055288 0.045584
0 0.302484 0.941595 0.044872 0.081197
0 0.370593 0.887464 0.049679 0.084046
0 0.350160 0.930912 0.050481 0.082621
0 0.459936 0.494302 0.028045 0.035613
0 0.481170 0.435897 0.022436 0.055556
0 0.477564 0.571225 0.034455 0.038462
0 0.502804 0.543447 0.025641 0.034188
0 0.462740 0.668803 0.035256 0.037037
0 0.520032 0.630342 0.036058 0.065527
0 0.542869 0.671652 0.019231 0.113960
0 0.552083 0.644587 0.031250 0.085470
0 0.562099 0.787037 0.022436 0.048433
0 0.562901 0.047009 0.022436 0.086895
0 0.557692 0.181624 0.042468 0.045584
0 0.526042 0.282764 0.038462 0.031339
0 0.543670 0.362536 0.027244 0.059829
0 0.725962 0.652422 0.020032 0.118234
0 0.626603 0.643875 0.032853 0.038462
0 0.576122 0.752137 0.036058 0.024217
0 0.591346 0.731481 0.029647 0.025641
0 0.618189 0.720085 0.064103 0.025641
0 0.643429 0.792023 0.024840 0.103989
0 0.660256 0.792735 0.020032 0.079772
0 0.627804 0.818376 0.027244 0.048433
0 0.590946 0.836895 0.041667 0.068376
0 0.589343 0.909544 0.044872 0.039886
0 0.484375 0.876068 0.040064 0.072650
0 0.459189 0.969979 0.029539 0.058191
0 0.528045 0.949430 0.044071 0.031339
0 0.531250 0.951567 0.045673 0.092593
0 0.551683 0.982194 0.044872 0.025641
0 0.584135 0.960826 0.021635 0.074074
0 0.580929 0.897436 0.040865 0.041311
0 0.534856 0.899573 0.035256 0.071225
0 0.620994 0.968661 0.028045 0.044160
0 0.675481 0.797009 0.020032 0.071225
0 0.709535 0.794160 0.022436 0.076923
0 0.704327 0.912393 0.024840 0.094017
0 0.726362 0.926638 0.030449 0.085470
0 0.735577 0.855413 0.036058 0.088319
0 0.762019 0.860399 0.031250 0.095442
0 0.790064 0.935185 0.020032 0.074074
0 0.804087 0.933048 0.012821 0.081197
0 0.817036 0.933654 0.020576 0.130840
0 0.808093 0.831909 0.035256 0.064103
0 0.818910 0.779915 0.052083 0.056980
0 0.745593 0.746439 0.044872 0.075499
0 0.759215 0.713675 0.076923 0.024217
0 0.800481 0.722222 0.032853 0.061254
0 0.814503 0.659544 0.043269 0.078348
0 0.739583 0.475071 0.024840 0.048433
0 0.689103 0.423077 0.044071 0.098291
0 0.591346 0.320513 0.036058 0.084046
0 0.661859 0.324786 0.021635 0.101140
0 0.690705 0.336895 0.042468 0.045584
0 0.729968 0.334046 0.036058 0.056980
0 0.753205 0.329060 0.018429 0.069801
0 0.725962 0.240028 0.015224 0.074074
0 0.667468 0.200142 0.034455 0.076923
0 0.636619 0.150997 0.041667 0.103989
0 0.735176 0.066952 0.030449 0.078348
0 0.768830 0.110399 0.020833 0.071225
0 0.774439 0.036325 0.025641 0.048433
0 0.787660 0.084758 0.026442 0.045584
0 0.826923 0.051994 0.034455 0.074074
0 0.768029 0.185185 0.036859 0.049858
0 0.761218 0.218661 0.042468 0.082621
0 0.846154 0.216524 0.023237 0.072650
0 0.871394 0.266382 0.024038 0.049858
0 0.870994 0.355413 0.020032 0.054131
0 0.897837 0.344729 0.038462 0.064103
0 0.894231 0.378205 0.045673 0.048433
0 0.874199 0.433048 0.042468 0.072650
0 0.855769 0.542023 0.039263 0.076923
0 0.814503 0.539174 0.033654 0.062678
0 0.818109 0.585470 0.040865 0.041311
0 0.842949 0.597578 0.029647 0.056980
0 0.857772 0.709402 0.065705 0.069801
0 0.844151 0.737179 0.028846 0.133903
0 0.872997 0.794872 0.024038 0.058405
0 0.860176 0.866097 0.036859 0.089744
0 0.872997 0.898148 0.024038 0.068376
0 0.893029 0.883191 0.019231 0.135328
0 0.911458 0.904558 0.030449 0.089744
0 0.943910 0.920940 0.036058 0.045584
0 0.931891 0.969373 0.074519 0.045584
0 0.939904 0.784900 0.042468 0.049858
0 0.989523 0.754186 0.019912 0.065352
0 0.913462 0.722934 0.052083 0.051282
0 0.900240 0.680199 0.033654 0.074074
0 0.903446 0.613248 0.070513 0.054131
0 0.896234 0.586182 0.033654 0.074074
0 0.962740 0.514957 0.033654 0.051282
0 0.986318 0.502007 0.026322 0.056721
0 0.957933 0.401709 0.025641 0.075499
0 0.953125 0.353989 0.041667 0.045584
0 0.939103 0.292735 0.052083 0.048433
0 0.948718 0.267806 0.040865 0.103989
0 0.918269 0.179487 0.036058 0.058405
0 0.915865 0.154558 0.024840 0.037037
0 0.945913 0.178775 0.046474 0.042735
0 0.981170 0.161681 0.033654 0.062678
0 0.885016 0.044872 0.046474 0.068376
0 0.961138 0.050570 0.027244 0.071225
0 0.970353 0.074786 0.020032 0.131054
0 0.987580 0.073362 0.022436 0.056980
0 0.842548 0.116809 0.048077 0.038462
0 0.219151 0.908120 0.027244 0.065527
0 0.250801 0.921652 0.031250 0.092593
0 0.630609 0.331197 0.015224 0.065527
0 0.810497 0.419516 0.038462 0.051282
0 0.822917 0.426638 0.029647 0.022792
0 0.424279 0.411681 0.044872 0.047009
0 0.379808 0.207977 0.040865 0.038462
0 0.237580 0.784188 0.040064 0.099715
0 0.091346 0.799858 0.066506 0.079772
0 0.023638 0.089031 0.043269 0.039886
