0 0.018750 0.561881 0.037500 0.039604
0 0.079861 0.034653 0.037500 0.059406
0 0.063889 0.127475 0.041667 0.066832
0 0.243750 0.679455 0.037500 0.032178
0 0.173611 0.577970 0.038889 0.037129
0 0.388889 0.292079 0.055556 0.054455
0 0.879861 0.824257 0.015278 0.064356
0 0.517361 0.309406 0.070833 0.044554
0 0.829861 0.071782 0.031944 0.054455
0 0.822222 0.870050 0.030556 0.051980
0 0.486111 0.391089 0.058333 0.049505
0 0.553472 0.357673 0.031944 0.061881
0 0.144444 0.945545 0.038889 0.049505
0 0.782639 0.969059 0.029167 0.047030
0 0.208333 0.775990 0.030556 0.056931
0 0.672222 0.627475 0.033333 0.032178
