0 0.423757 0.501807 0.025292 0.023416
0 0.734951 0.644963 0.008792 0.072104
0 0.368181 0.234307 0.028028 0.057723
0 0.443882 0.246250 0.034986 0.056856
0 0.351681 0.291287 0.022806 0.052871
0 0.117028 0.569765 0.011833 0.050421
0 0.147424 0.620446 0.033736 0.037921
0 0.049944 0.766535 0.027667 0.072673
0 0.530521 0.747092 0.013819 0.058540
0 0.627840 0.845111 0.047347 0.026856
0 0.672924 0.485099 0.031958 0.029604
0 0.927292 0.162302 0.018472 0.042426
0 0.888535 0.358849 0.010403 0.029579
0 0.854986 0.469629 0.034972 0.033317
0 0.781472 0.656918 0.021278 0.076213
0 0.711583 0.622822 0.020389 0.032772
0 0.826722 0.660978 0.000667 0.000173
0 0.160494 0.038229 0.040741 0.052805
