0 0.660662 0.297852 0.022794 0.058594
0 0.974632 0.066895 0.040441 0.047852
0 0.631985 0.706055 0.028676 0.041016
0 0.037132 0.707520 0.055147 0.036133
0 0.468015 0.016113 0.043382 0.034180
0 0.922794 0.052734 0.036765 0.074219
0 0.377206 0.907227 0.048529 0.037109
0 0.596324 0.745605 0.050000 0.041992
0 0.484559 0.597656 0.070588 0.041016
0 0.741176 0.377441 0.039706 0.063477
0 0.559926 0.960938 0.056618 0.058594
0 0.811765 0.167480 0.045588 0.049805
0 0.436397 0.599609 0.036029 0.041016
0 0.895588 0.610352 0.041176 0.058594
0 0.223897 0.382812 0.047794 0.046875
0 0.361397 0.712891 0.052206 0.056641
0 0.234926 0.643066 0.037500 0.045898
0 0.168382 0.098145 0.039706 0.061523
0 0.389338 0.789062 0.022794 0.068359
0 0.320221 0.910645 0.043382 0.067383
0 0.168382 0.549316 0.047059 0.051758
0 0.826838 0.745605 0.025735 0.040039
