0 0.619531 0.020833 0.035937 0.034259
0 0.769531 0.295833 0.027604 0.049074
0 0.645833 0.793519 0.033333 0.042593
0 0.148698 0.027778 0.022396 0.051852
0 0.488802 0.493056 0.038021 0.065741
0 0.532552 0.225000 0.064062 0.059259
0 0.366406 0.344907 0.033854 0.037963
0 0.986979 0.523611 0.022917 0.119444
0 0.833333 0.749074 0.040625 0.044444
0 0.511979 0.524074 0.048958 0.057407
0 0.211458 0.808796 0.042708 0.056481
0 0.712760 0.588889 0.034896 0.062963
0 0.497656 0.535185 0.029687 0.070370
