0 0.173104 0.274537 0.069125 0.078704
0 0.052299 0.215000 0.044182 0.126296
0 0.099263 0.287037 0.065193 0.046296
0 0.664471 0.075231 0.039359 0.039352
0 0.671977 0.039352 0.054370 0.060185
0 0.847336 0.155093 0.042589 0.097222
0 0.848750 0.256250 0.032917 0.043981
0 0.759930 0.380093 0.045901 0.060185
0 0.669375 0.384259 0.043958 0.055556
0 0.471078 0.515046 0.022365 0.067130
0 0.698984 0.675926 0.035469 0.064815
0 0.881958 0.559491 0.036833 0.057870
0 0.816583 0.534028 0.034208 0.053241
0 0.883260 0.854630 0.039438 0.064815
0 0.765792 0.856944 0.052417 0.060185
0 0.347357 0.751620 0.035339 0.053241
0 0.114503 0.674769 0.030047 0.071759
0 0.288362 0.377778 0.044432 0.064815
0 0.401404 0.400926 0.039266 0.083333
0 0.371060 0.098843 0.022328 0.034722
0 0.582167 0.061806 0.028917 0.071759
0 0.449852 0.126157 0.018453 0.057870
0 0.496211 0.150463 0.034089 0.032407
0 0.208661 0.216898 0.013156 0.039352
0 0.341104 0.476157 0.045750 0.067130
