0 0.422656 0.406944 0.024479 0.041667
0 0.006510 0.760648 0.013021 0.080556
0 0.116927 0.906019 0.020313 0.056481
0 0.872656 0.780556 0.019271 0.066667
0 0.306510 0.818981 0.024479 0.045370
0 0.225781 0.889815 0.018229 0.061111
0 0.470833 0.702778 0.033333 0.046296
0 0.476823 0.861574 0.033854 0.030556
0 0.698438 0.325926 0.018750 0.061111
0 0.857031 0.962500 0.041146 0.034259
0 0.546354 0.714815 0.017708 0.079630
0 0.695833 0.804630 0.033333 0.053704
0 0.740104 0.593981 0.017708 0.049074
0 0.132552 0.756481 0.045312 0.031481
0 0.368229 0.722685 0.032292 0.082407
0 0.453906 0.025000 0.023438 0.050000
0 0.674479 0.650463 0.034375 0.049074
0 0.889583 0.776389 0.032292 0.102778
0 0.965885 0.387500 0.025521 0.076852
0 0.372656 0.049537 0.031771 0.054630
0 0.776302 0.837963 0.033854 0.031481
0 0.484635 0.607407 0.028646 0.048148
0 0.871354 0.453241 0.013542 0.060185
0 0.168229 0.042593 0.023958 0.059259
0 0.865104 0.692130 0.035417 0.047222
