0 0.607552 0.645370 0.039062 0.033333
0 0.595052 0.046759 0.042188 0.052778
0 0.861458 0.821759 0.026042 0.041667
0 0.088281 0.264815 0.035937 0.051852
0 0.577604 0.014815 0.064583 0.029630
0 0.778385 0.118056 0.018229 0.062037
0 0.529427 0.537037 0.024479 0.035185
0 0.782552 0.062500 0.034896 0.041667
0 0.391927 0.218056 0.038021 0.028704
0 0.776302 0.396296 0.035937 0.042593
0 0.633854 0.247222 0.017708 0.057407
0 0.129948 0.229167 0.022396 0.086111
0 0.371354 0.296296 0.026042 0.037037
0 0.765104 0.262963 0.032292 0.050000
0 0.958854 0.161574 0.036458 0.054630
0 0.630208 0.353704 0.033333 0.077778
0 0.197656 0.737037 0.043229 0.035185
0 0.046875 0.473148 0.028125 0.057407
0 0.771354 0.482407 0.041667 0.061111
0 0.495833 0.724074 0.028125 0.046296
0 0.150781 0.356019 0.052604 0.078704
0 0.307552 0.156019 0.032813 0.065741
0 0.607031 0.494444 0.034896 0.044444
0 0.605729 0.789352 0.027083 0.063889
0 0.243229 0.128241 0.020833 0.060185
0 0.894531 0.685648 0.052604 0.084259
0 0.648177 0.665278 0.025521 0.036111
0 0.270052 0.749074 0.029687 0.027778
0 0.886979 0.708796 0.020833 0.062037
0 0.958073 0.132407 0.041146 0.037037
