0 0.300427 0.190662 0.018562 0.088731
0 0.352630 0.172259 0.015677 0.066741
0 0.625013 0.265648 0.030234 0.073889
0 0.562547 0.397597 0.023010 0.072972
0 0.540940 0.512750 0.017297 0.066241
0 0.478872 0.516199 0.025453 0.049065
0 0.364115 0.530384 0.043854 0.045954
0 0.263490 0.401690 0.015521 0.060787
0 0.274810 0.359324 0.038161 0.044574
0 0.230964 0.239042 0.015052 0.083639
0 0.115029 0.684903 0.063391 0.054991
0 0.664201 0.815602 0.029443 0.055278
0 0.686617 0.805412 0.018026 0.064528
0 0.806268 0.457028 0.042745 0.045537
0 0.809521 0.887685 0.020083 0.064259
0 0.539133 0.654227 0.018891 0.067713
0 0.892271 0.824616 0.019958 0.084417
0 0.947672 0.497509 0.018260 0.067241
0 0.950992 0.371273 0.022818 0.049954
0 0.651042 0.449430 0.036859 0.034188
0 0.659054 0.891026 0.022436 0.105413
0 0.432692 0.896011 0.036058 0.032764
0 0.114183 0.761396 0.036859 0.054131
0 0.025240 0.770655 0.049679 0.069801
0 0.023638 0.825499 0.038462 0.042735
0 0.024038 0.982906 0.039263 0.029915
0 0.405849 0.123219 0.019231 0.068376
0 0.423077 0.101140 0.028045 0.084046
0 0.461939 0.162393 0.032051 0.044160
0 0.944712 0.297009 0.024840 0.039886
0 0.192708 0.042023 0.033654 0.034188
