0 0.412211 0.599343 0.028589 0.035722
0 0.578901 0.248079 0.055719 0.033194
0 0.718349 0.562678 0.017628 0.115385
0 0.757612 0.594017 0.022436 0.072650
0 0.739984 0.574786 0.017628 0.085470
0 0.597356 0.555556 0.027244 0.072650
0 0.735978 0.395299 0.035256 0.085470
0 0.360577 0.696581 0.026442 0.049858
0 0.356971 0.740028 0.036859 0.079772
0 0.317308 0.387464 0.036058 0.072650
0 0.257612 0.066239 0.043269 0.045584
0 0.832532 0.356125 0.036058 0.052707
0 0.983974 0.705128 0.029647 0.038462
0 0.931891 0.295584 0.023237 0.068376
