0 0.280449 0.265670 0.034455 0.082621
0 0.344188 0.324631 0.043343 0.063793
0 0.364984 0.236467 0.054487 0.035613
0 0.382682 0.128306 0.038281 0.052907
0 0.287690 0.070889 0.053505 0.073259
0 0.209487 0.121616 0.048141 0.109898
0 0.163099 0.156625 0.028281 0.085472
0 0.147638 0.146282 0.021318 0.157380
0 0.129193 0.189292 0.039635 0.063769
0 0.227086 0.438757 0.075165 0.044180
0 0.262979 0.444792 0.040542 0.048843
0 0.238937 0.489356 0.058083 0.058343
0 0.106571 0.488604 0.034455 0.058405
0 0.116186 0.384615 0.064904 0.032764
0 0.851568 0.567468 0.102094 0.127528
0 0.935836 0.570319 0.022714 0.101750
0 0.824346 0.734514 0.048693 0.115324
0 0.863401 0.769943 0.032011 0.076923
0 0.903071 0.713197 0.026494 0.083088
0 0.704507 0.737642 0.051723 0.047507
0 0.737969 0.722750 0.063437 0.052907
0 0.745620 0.662449 0.044365 0.043417
0 0.802219 0.644556 0.059646 0.029852
0 0.736203 0.612019 0.049490 0.040704
0 0.760896 0.577255 0.052000 0.063769
0 0.781651 0.463675 0.049679 0.062678
0 0.738216 0.276435 0.053516 0.093611
0 0.757359 0.107324 0.042844 0.046130
0 0.701487 0.114218 0.032141 0.089546
0 0.658169 0.066755 0.049672 0.070546
0 0.630208 0.509259 0.038462 0.074074
0 0.607367 0.383056 0.031401 0.062407
0 0.582320 0.414528 0.036516 0.082759
0 0.535316 0.443962 0.031369 0.051742
0 0.470745 0.305868 0.048061 0.063302
0 0.460737 0.149786 0.056891 0.055128
0 0.575672 0.095074 0.028427 0.103111
0 0.647198 0.163245 0.028771 0.054269
0 0.668792 0.227824 0.030292 0.035278
0 0.350962 0.406695 0.034455 0.048433
0 0.354089 0.737116 0.034219 0.090898
0 0.413462 0.852564 0.028045 0.102564
0 0.443089 0.950787 0.072635 0.031204
0 0.331731 0.892450 0.029647 0.091168
0 0.387615 0.964851 0.016656 0.072009
0 0.206430 0.771510 0.022236 0.102279
0 0.168464 0.629278 0.032760 0.088185
0 0.122391 0.576338 0.042698 0.043417
0 0.128221 0.751769 0.044984 0.046130
0 0.161859 0.768519 0.052083 0.022792
0 0.178803 0.716729 0.039498 0.053116
0 0.051082 0.667415 0.031651 0.065456
0 0.065687 0.728727 0.062625 0.075972
0 0.093492 0.763602 0.024484 0.082759
0 0.021005 0.770782 0.042010 0.043417
0 0.020727 0.710282 0.028953 0.050194
0 0.145833 0.972222 0.039583 0.055556
0 0.648638 0.819088 0.040064 0.081197
0 0.631010 0.658832 0.062500 0.068376
0 0.039263 0.034900 0.064904 0.039886
0 0.015224 0.071937 0.021635 0.059829
0 0.039263 0.121083 0.032853 0.072650
0 0.040465 0.216524 0.032051 0.118234
0 0.008614 0.312607 0.017228 0.079630
0 0.019631 0.346154 0.036859 0.075499
0 0.059696 0.463675 0.033654 0.105413
0 0.015825 0.489632 0.031651 0.031970
0 0.010617 0.566049 0.021234 0.110731
0 0.126603 0.445157 0.032853 0.059829
0 0.275641 0.901709 0.053686 0.084046
0 0.235990 0.963568 0.033678 0.071011
0 0.187099 0.242165 0.033654 0.089744
0 0.214343 0.187322 0.054487 0.025641
0 0.257612 0.547009 0.036859 0.044160
0 0.285657 0.613960 0.033654 0.075499
0 0.259215 0.710826 0.019231 0.101140
0 0.271635 0.779915 0.023237 0.071225
0 0.293670 0.727208 0.036859 0.045584
0 0.305689 0.721510 0.030449 0.051282
0 0.361779 0.777066 0.030449 0.082621
0 0.362981 0.456553 0.032853 0.051282
0 0.292067 0.176638 0.038462 0.086895
0 0.497196 0.424501 0.051282 0.049858
0 0.463542 0.503561 0.027244 0.054131
0 0.469151 0.595442 0.022436 0.072650
0 0.393830 0.591880 0.035256 0.059829
0 0.549279 0.623219 0.054487 0.068376
0 0.546875 0.686610 0.054487 0.055556
0 0.556891 0.748575 0.021635 0.096866
0 0.616186 0.725071 0.036058 0.061254
0 0.631811 0.620370 0.030449 0.056980
0 0.417869 0.022080 0.049679 0.039886
0 0.536859 0.180912 0.048878 0.066952
0 0.559295 0.264957 0.061699 0.069801
0 0.571314 0.297009 0.040865 0.059829
0 0.530849 0.326211 0.041667 0.064103
0 0.517628 0.378917 0.031250 0.052707
0 0.536859 0.487892 0.031250 0.042735
0 0.564503 0.851140 0.020833 0.059829
0 0.711538 0.933761 0.055288 0.045584
0 0.685897 0.950855 0.028045 0.094017
0 0.830529 0.950855 0.027244 0.082621
0 0.875401 0.960114 0.035256 0.064103
0 0.968349 0.942308 0.025641 0.071225
0 0.978766 0.921652 0.038462 0.049858
0 0.741587 0.024929 0.044872 0.042735
0 0.782853 0.043447 0.052083 0.085470
0 0.783654 0.097578 0.023237 0.062678
0 0.777244 0.397436 0.050481 0.058405
0 0.745192 0.361823 0.023237 0.092593
0 0.724760 0.381766 0.028846 0.106838
0 0.714343 0.386752 0.017628 0.099715
0 0.705529 0.451567 0.020833 0.089744
0 0.665865 0.443020 0.037660 0.092593
0 0.628606 0.315527 0.043269 0.062678
0 0.604968 0.216524 0.023237 0.098291
0 0.795272 0.253561 0.041667 0.086895
0 0.833333 0.301994 0.029647 0.066952
0 0.888622 0.351140 0.104968 0.076923
0 0.900641 0.294872 0.032853 0.078348
0 0.941106 0.311966 0.043269 0.047009
0 0.967548 0.202991 0.054487 0.034188
0 0.879808 0.183048 0.028045 0.062678
0 0.871795 0.136040 0.024840 0.051282
0 0.849359 0.138889 0.048878 0.071225
0 0.805689 0.174501 0.033654 0.076923
0 0.697115 0.788462 0.047276 0.065527
0 0.891426 0.049858 0.059295 0.052707
0 0.879006 0.089031 0.040865 0.056980
0 0.830529 0.115385 0.051282 0.052707
0 0.951923 0.376781 0.044071 0.059829
0 0.935897 0.687322 0.050481 0.039886
0 0.965946 0.630342 0.032051 0.071225
0 0.987921 0.619389 0.023117 0.103451
0 0.978305 0.744351 0.042348 0.071323
0 0.956731 0.774217 0.050481 0.039886
0 0.717147 0.522792 0.053686 0.029915
0 0.106571 0.080484 0.052083 0.042735
0 0.019030 0.903053 0.038061 0.038300
0 0.798200 0.985648 0.031003 0.026852
0 0.835737 0.823362 0.039263 0.098291
0 0.332933 0.564103 0.040064 0.047009
