0 0.093316 0.498047 0.032221 0.066406
0 0.125070 0.480469 0.019257 0.050781
0 0.122129 0.438477 0.036904 0.037109
0 0.244658 0.084712 0.031963 0.063955
0 0.944890 0.647896 0.023603 0.045791
0 0.516029 0.198242 0.048235 0.068359
0 0.473327 0.303076 0.030478 0.047559
0 0.485890 0.914062 0.037956 0.039062
0 0.072732 0.618164 0.035169 0.021484
0 0.877044 0.782134 0.015853 0.031064
0 0.891132 0.793232 0.017559 0.014199
0 0.899890 0.805127 0.018897 0.020410
0 0.862004 0.876240 0.015184 0.023965
0 0.844621 0.871001 0.039243 0.021299
0 0.937592 0.315571 0.019301 0.031533
0 0.927221 0.307437 0.016206 0.026982
0 0.994485 0.158691 0.011029 0.032227
0 0.985592 0.135591 0.025596 0.032900
0 0.984926 0.101562 0.030147 0.035156
0 0.817945 0.261206 0.019713 0.026318
0 0.823879 0.221230 0.030110 0.038164
0 0.337618 0.021919 0.028176 0.043838
0 0.054143 0.093784 0.024463 0.031318
0 0.163688 0.152939 0.061199 0.085176
0 0.414746 0.117993 0.017728 0.025049
0 0.292496 0.477100 0.042346 0.040137
0 0.129640 0.351743 0.035750 0.023799
0 0.481566 0.798086 0.046956 0.037578
0 0.527022 0.894419 0.020221 0.027119
0 0.851632 0.978882 0.022382 0.041748
0 0.677842 0.107539 0.027743 0.056875
0 0.811011 0.091055 0.044081 0.037578
0 0.528890 0.058770 0.021015 0.047227
0 0.360647 0.701411 0.022765 0.041494
0 0.235059 0.763184 0.018647 0.016602
0 0.396096 0.864663 0.042191 0.035967
0 0.391930 0.106846 0.033860 0.035957
0 0.536180 0.076880 0.010596 0.030713
0 0.940526 0.164624 0.031051 0.028467
0 0.792636 0.217485 0.027919 0.028721
0 0.138291 0.462603 0.030895 0.045135
0 0.418815 0.960732 0.018537 0.043494
0 0.251983 0.588161 0.017301 0.061548
0 0.946188 0.274677 0.020391 0.053342
0 0.540231 0.604574 0.021626 0.048418
0 0.612616 0.811986 0.027090 0.047286
