0 0.125781 0.576852 0.051562 0.055556
0 0.176302 0.020833 0.050521 0.041667
0 0.781510 0.568519 0.029687 0.062963
0 0.752083 0.261574 0.032292 0.078704
0 0.219010 0.835648 0.055729 0.047222
0 0.205729 0.793981 0.045833 0.043519
0 0.525781 0.217593 0.055729 0.042593
0 0.490625 0.507407 0.050000 0.081481
0 0.986979 0.531019 0.025000 0.086111
0 0.875000 0.701852 0.051042 0.050000
0 0.672135 0.784259 0.031771 0.077778
0 0.558854 0.212037 0.030208 0.061111
0 0.707552 0.566667 0.036979 0.059259
0 0.496354 0.481019 0.052083 0.052778
