0 0.139583 0.945545 0.031944 0.034653
0 0.806944 0.102723 0.025000 0.051980
0 0.006944 0.110149 0.016667 0.042079
0 0.822222 0.875000 0.033333 0.051980
0 0.848611 0.813119 0.036111 0.042079
0 0.029861 0.569307 0.034722 0.054455
0 0.079861 0.023515 0.020833 0.047030
0 0.518750 0.360149 0.054167 0.066832
0 0.668750 0.627475 0.031944 0.032178
0 0.833333 0.069307 0.036111 0.044554
0 0.559028 0.361386 0.037500 0.079208
0 0.848611 0.945545 0.030556 0.074257
0 0.212500 0.138614 0.044444 0.044554
0 0.161111 0.545792 0.047222 0.051980
0 0.063889 0.142327 0.047222 0.071782
0 0.481944 0.339109 0.038889 0.074257
0 0.783333 0.969059 0.030556 0.051980
