0 0.288867 0.545135 0.027734 0.039489
0 0.156312 0.820312 0.030272 0.048828
0 0.063066 0.578213 0.027603 0.037285
0 0.883772 0.834697 0.029309 0.040488
0 0.458761 0.845239 0.013110 0.042041
0 0.739191 0.395557 0.015147 0.039160
0 0.696680 0.454258 0.012478 0.049141
0 0.933554 0.581368 0.016818 0.041229
0 0.704029 0.740826 0.040410 0.030480
0 0.828857 0.229287 0.038596 0.021074
0 0.759445 0.804894 0.031069 0.028884
0 0.703521 0.271223 0.037283 0.034386
0 0.463256 0.307672 0.026926 0.041263
0 0.424623 0.346788 0.025138 0.041733
0 0.189894 0.714042 0.032051 0.030048
0 0.475214 0.577991 0.016968 0.051749
