0 0.419853 0.795898 0.032353 0.074219
0 0.471691 0.647949 0.058088 0.079102
0 0.986397 0.384766 0.027206 0.068359
0 0.723529 0.801270 0.060294 0.038086
0 0.396691 0.874023 0.046324 0.126953
0 0.455515 0.537109 0.025735 0.074219
0 0.813603 0.624023 0.049265 0.041016
0 0.423529 0.066895 0.038235 0.036133
0 0.693750 0.762695 0.027206 0.083984
0 0.288603 0.417480 0.097794 0.083008
0 0.313603 0.247559 0.031618 0.073242
0 0.463235 0.585449 0.052941 0.045898
0 0.495588 0.422852 0.038235 0.050781
0 0.546324 0.299316 0.075000 0.041992
0 0.799632 0.672852 0.050735 0.072266
0 0.409926 0.787598 0.044853 0.061523
0 0.924632 0.929688 0.028676 0.052734
0 0.551103 0.391602 0.038971 0.042969
0 0.348897 0.840820 0.030147 0.058594
0 0.522794 0.346191 0.075000 0.067383
0 0.976838 0.609863 0.046324 0.061523
0 0.365809 0.587891 0.065441 0.058594
0 0.767279 0.811523 0.036029 0.054688
0 0.380882 0.619141 0.045588 0.041016
0 0.127941 0.030273 0.033824 0.060547
0 0.221691 0.406738 0.058088 0.034180
0 0.467279 0.037109 0.047794 0.068359
0 0.687500 0.636230 0.052941 0.043945
0 0.166176 0.735352 0.079412 0.058594
0 0.258088 0.743652 0.027941 0.098633
0 0.244485 0.744141 0.065441 0.035156
0 0.236029 0.710938 0.029412 0.109375
0 0.838971 0.641113 0.052941 0.049805
0 0.901838 0.918945 0.033088 0.042969
0 0.497426 0.039062 0.022794 0.078125
