0 0.558854 0.226852 0.023958 0.062963
0 0.531250 0.226389 0.054167 0.049074
0 0.623177 0.017593 0.032813 0.031481
0 0.488802 0.492593 0.039062 0.044444
0 0.525000 0.560185 0.035417 0.064815
0 0.150781 0.026852 0.026562 0.051852
0 0.094531 0.472685 0.034896 0.045370
0 0.988281 0.529630 0.023438 0.090741
0 0.646875 0.792593 0.042708 0.035185
0 0.829427 0.756944 0.045312 0.039815
0 0.711979 0.589815 0.030208 0.070370
0 0.771354 0.296296 0.036458 0.053704
0 0.210156 0.800000 0.033854 0.083333
0 0.490104 0.543056 0.047917 0.076852
