0 0.488281 0.515741 0.023438 0.068519
0 0.503906 0.530093 0.039062 0.054630
0 0.621354 0.026852 0.014583 0.042593
0 0.773958 0.305093 0.045833 0.041667
0 0.988281 0.511574 0.021354 0.099074
0 0.820833 0.749537 0.034375 0.056481
0 0.511979 0.569907 0.051042 0.047222
0 0.085156 0.480093 0.049479 0.041667
0 0.560677 0.196759 0.021354 0.063889
0 0.658333 0.802315 0.039583 0.060185
0 0.528906 0.209722 0.044271 0.065741
0 0.699479 0.589815 0.032292 0.046296
0 0.210938 0.794907 0.031250 0.086111
0 0.170833 0.032407 0.052083 0.061111
