0 0.246324 0.969238 0.014706 0.034180
0 0.851838 0.181641 0.021324 0.054688
0 0.687868 0.693848 0.028676 0.043945
0 0.061397 0.474609 0.031618 0.066406
0 0.829044 0.061523 0.033088 0.054688
0 0.439706 0.408691 0.032353 0.028320
0 0.685294 0.120605 0.019118 0.034180
0 0.709559 0.139648 0.030882 0.025391
0 0.627206 0.136230 0.016176 0.034180
0 0.636029 0.884277 0.025000 0.038086
0 0.036397 0.165527 0.022794 0.034180
0 0.799632 0.978516 0.030147 0.035156
0 0.058824 0.710938 0.022059 0.037109
0 0.075735 0.685059 0.027941 0.043945
0 0.108456 0.369141 0.025735 0.021484
0 0.102941 0.974609 0.023529 0.021484
0 0.433456 0.945312 0.015441 0.035156
0 0.594853 0.072266 0.022059 0.044922
0 0.558088 0.233398 0.023529 0.056641
0 0.690074 0.747070 0.030147 0.021484
0 0.623162 0.204102 0.028676 0.035156
0 0.988603 0.132812 0.022794 0.027344
0 0.426103 0.860352 0.022794 0.041016
0 0.395956 0.071777 0.018382 0.034180
0 0.798162 0.138184 0.018382 0.036133
0 0.727574 0.724609 0.019853 0.039062
0 0.499632 0.983398 0.025735 0.027344
0 0.455147 0.520020 0.041176 0.030273
0 0.331618 0.386230 0.027941 0.028320
0 0.685294 0.806641 0.032353 0.029297
0 0.475000 0.341309 0.042647 0.034180
0 0.542279 0.195312 0.040441 0.052734
0 0.640809 0.669434 0.033088 0.036133
0 0.648162 0.262695 0.025735 0.046875
0 0.190441 0.577148 0.020588 0.042969
0 0.045221 0.554688 0.025735 0.044922
0 0.340441 0.808105 0.025000 0.041992
0 0.660294 0.585938 0.023529 0.037109
