0 0.424493 0.409067 0.037221 0.032979
0 0.526092 0.800361 0.016890 0.046035
0 0.085673 0.030337 0.024287 0.056768
0 0.615390 0.868232 0.024897 0.023574
0 0.426151 0.603691 0.021419 0.039414
0 0.461768 0.969600 0.035301 0.027090
0 0.299456 0.472801 0.056266 0.024607
0 0.232710 0.063618 0.019831 0.023721
0 0.253191 0.020928 0.016676 0.041855
0 0.897022 0.819058 0.024926 0.030693
0 0.525542 0.892681 0.040248 0.046258
0 0.209208 0.975920 0.019664 0.046207
0 0.247678 0.571443 0.029412 0.039062
0 0.609907 0.295950 0.020124 0.030839
