0 0.407081 0.243625 0.039161 0.046509
0 0.430961 0.726231 0.025464 0.037648
0 0.467083 0.670190 0.017500 0.021861
0 0.552742 0.755917 0.027359 0.078500
0 0.531547 0.942236 0.026635 0.084472
0 0.702961 0.908704 0.037172 0.041481
0 0.864612 0.953889 0.035474 0.076296
0 0.902146 0.681167 0.056375 0.038259
0 0.908487 0.571426 0.053432 0.057667
0 0.964357 0.324968 0.040172 0.086972
0 0.306315 0.365954 0.019922 0.059685
0 0.155148 0.329806 0.023839 0.067019
0 0.319547 0.710417 0.022427 0.104167
0 0.387729 0.703704 0.043167 0.046296
0 0.364945 0.575870 0.030932 0.042481
0 0.300365 0.202704 0.031979 0.035037
0 0.616523 0.358333 0.041380 0.055556
0 0.328281 0.949574 0.023229 0.052852
0 0.076115 0.305898 0.054312 0.024759
0 0.459409 0.947981 0.026109 0.086704
0 0.442566 0.046550 0.029252 0.050736
