0 0.558456 0.698730 0.034559 0.032227
0 0.641544 0.104980 0.031618 0.041992
0 0.645956 0.677734 0.022794 0.072266
0 0.140074 0.679688 0.033088 0.035156
0 0.463235 0.022949 0.017647 0.026367
0 0.563235 0.080566 0.027941 0.032227
0 0.727206 0.936523 0.022059 0.033203
0 0.425000 0.320312 0.061765 0.042969
0 0.342279 0.007324 0.031618 0.016602
0 0.014338 0.550781 0.028676 0.048828
0 0.649632 0.106934 0.024265 0.043945
0 0.034926 0.041016 0.036029 0.050781
0 0.131985 0.632812 0.031618 0.050781
0 0.852941 0.525391 0.017647 0.054688
0 0.169485 0.021484 0.015441 0.042969
0 0.304412 0.733398 0.030882 0.033203
0 0.570956 0.827148 0.036029 0.035156
0 0.056985 0.747070 0.028676 0.046875
0 0.222426 0.359863 0.021324 0.047852
0 0.410294 0.382812 0.042647 0.035156
0 0.430882 0.435059 0.039706 0.030273
0 0.127206 0.266602 0.022059 0.056641
0 0.443382 0.287109 0.035294 0.035156
0 0.388603 0.323730 0.021324 0.055664
0 0.792279 0.875977 0.021324 0.039062
0 0.061029 0.450684 0.016176 0.045898
