0 0.159191 0.147949 0.015441 0.024414
0 0.011765 0.012695 0.023529 0.025391
0 0.563235 0.045898 0.017647 0.027344
0 0.623529 0.019531 0.014706 0.025391
0 0.780515 0.346191 0.028676 0.041992
0 0.280515 0.853027 0.015441 0.032227
0 0.249632 0.707520 0.049265 0.036133
0 0.651838 0.051270 0.012500 0.030273
0 0.372426 0.193848 0.015441 0.032227
0 0.711397 0.655273 0.018382 0.029297
0 0.006618 0.174316 0.013235 0.026367
0 0.162500 0.397949 0.023529 0.024414
0 0.840441 0.988281 0.025000 0.019531
0 0.416544 0.191895 0.022794 0.036133
0 0.852941 0.616699 0.019118 0.036133
0 0.169853 0.677734 0.023529 0.023438
0 0.244485 0.670898 0.024265 0.033203
0 0.072426 0.609863 0.021324 0.049805
0 0.616912 0.747559 0.027941 0.026367
0 0.200735 0.537598 0.023529 0.030273
0 0.763971 0.169434 0.038235 0.034180
0 0.881985 0.895020 0.030147 0.036133
0 0.267647 0.347656 0.023529 0.044922
