0 0.158333 0.607870 0.018750 0.060185
0 0.786198 0.579630 0.053646 0.038889
0 0.687500 0.248611 0.016667 0.047222
0 0.320312 0.780093 0.019792 0.062037
0 0.798177 0.600463 0.031771 0.056481
0 0.447135 0.883796 0.020313 0.019444
0 0.653906 0.805093 0.013021 0.037963
0 0.508854 0.388426 0.031250 0.032407
0 0.278906 0.211574 0.039062 0.069444
0 0.985677 0.843056 0.028646 0.030556
0 0.085156 0.968981 0.030729 0.052778
0 0.165885 0.546296 0.021354 0.040741
0 0.761979 0.583796 0.027083 0.078704
0 0.226302 0.503704 0.033854 0.029630
0 0.602083 0.905556 0.021875 0.074074
0 0.296354 0.192130 0.027083 0.062037
0 0.338281 0.771296 0.022396 0.061111
0 0.469531 0.780093 0.016146 0.069444
0 0.716927 0.497222 0.029687 0.057407
0 0.376302 0.580556 0.031771 0.046296
0 0.038281 0.706481 0.036979 0.037037
0 0.427604 0.446296 0.015625 0.053704
0 0.708333 0.845833 0.023958 0.078704
0 0.560937 0.518519 0.032292 0.051852
0 0.439583 0.280556 0.030208 0.033333
0 0.357552 0.071296 0.035937 0.048148
0 0.342448 0.136111 0.028646 0.044444
