0 0.371324 0.879395 0.050000 0.116211
0 0.009559 0.472656 0.020588 0.052734
0 0.218382 0.820312 0.038235 0.064453
0 0.979044 0.436523 0.040441 0.058594
0 0.219853 0.946777 0.042647 0.049805
0 0.367647 0.830566 0.052941 0.069336
0 0.969118 0.016113 0.020588 0.034180
0 0.413603 0.292480 0.041912 0.075195
0 0.012500 0.271973 0.025000 0.045898
0 0.989706 0.479980 0.020588 0.088867
0 0.104779 0.813477 0.038971 0.042969
0 0.874632 0.330566 0.090441 0.077148
0 0.275368 0.837891 0.061029 0.078125
0 0.155515 0.933105 0.025735 0.049805
0 0.606985 0.507812 0.044853 0.048828
0 0.502574 0.431152 0.038971 0.034180
0 0.164706 0.021484 0.092647 0.044922
0 0.947794 0.316406 0.098529 0.042969
0 0.983824 0.776855 0.030882 0.034180
0 0.383824 0.195312 0.052941 0.080078
0 0.332353 0.651855 0.045588 0.061523
0 0.327206 0.870605 0.120588 0.133789
0 0.243015 0.905273 0.040441 0.095703
0 0.395588 0.153320 0.045588 0.101562
0 0.962500 0.418945 0.047059 0.085938
0 0.915441 0.391602 0.066176 0.148438
0 0.797426 0.349609 0.081618 0.048828
0 0.100000 0.837402 0.044118 0.059570
0 0.312868 0.099609 0.028676 0.066406
0 0.180882 0.969727 0.055882 0.060547
0 0.010662 0.032227 0.022794 0.064453
0 0.592647 0.446777 0.091176 0.067383
0 0.048897 0.433105 0.081618 0.075195
0 0.030882 0.363770 0.058824 0.081055
0 0.426103 0.225098 0.056618 0.079102
0 0.411029 0.797363 0.048529 0.084961
0 0.519485 0.794434 0.065441 0.061523
0 0.891544 0.492188 0.059559 0.074219
0 0.473529 0.755859 0.057353 0.060547
0 0.435294 0.693359 0.064706 0.050781
0 0.291176 0.747070 0.066176 0.117188
0 0.381618 0.653809 0.055882 0.075195
0 0.050000 0.884277 0.042647 0.106445
0 0.465809 0.837891 0.068382 0.064453
