0 0.274592 0.018863 0.016832 0.037725
0 0.921196 0.847104 0.039162 0.049890
0 0.929987 0.558912 0.043958 0.021230
0 0.680239 0.716338 0.022243 0.024473
0 0.709669 0.782749 0.034044 0.030342
0 0.433926 0.764297 0.022265 0.048125
0 0.053971 0.732544 0.032941 0.045166
0 0.478441 0.491133 0.027471 0.031094
0 0.713636 0.269961 0.030213 0.034062
0 0.801303 0.243153 0.023194 0.037088
0 0.684880 0.676978 0.031069 0.023382
0 0.088877 0.575195 0.017606 0.056393
0 0.487075 0.315237 0.022784 0.039888
0 0.437365 0.883294 0.022784 0.048140
