0 0.927993 0.151683 0.039319 0.075644
0 0.778583 0.467054 0.026611 0.067772
0 0.663542 0.470619 0.029861 0.040248
0 0.669097 0.518255 0.029861 0.056312
0 0.743778 0.644307 0.034778 0.060891
0 0.805444 0.639641 0.038667 0.051559
0 0.554396 0.757735 0.047681 0.040223
0 0.439972 0.260458 0.038278 0.040718
0 0.415104 0.490569 0.044097 0.035594
0 0.364576 0.267104 0.043042 0.058960
0 0.127701 0.564406 0.019292 0.044653
0 0.050014 0.797475 0.033361 0.040495
0 0.633993 0.840248 0.023542 0.036931
0 0.856951 0.040050 0.027792 0.040495
0 0.888272 0.895765 0.023457 0.049505
0 0.073310 0.164438 0.028637 0.049760
0 0.184636 0.620573 0.037944 0.030622
