0 0.427574 0.849609 0.025735 0.037109
0 0.690809 0.818359 0.028676 0.027344
0 0.762868 0.656738 0.018382 0.030273
0 0.790074 0.979980 0.027206 0.020508
0 0.836765 0.064941 0.017647 0.028320
0 0.065441 0.676270 0.020588 0.045898
0 0.188235 0.575684 0.026471 0.036133
0 0.661397 0.594727 0.021324 0.029297
0 0.102574 0.370605 0.034559 0.028320
0 0.675735 0.801270 0.016176 0.036133
0 0.101838 0.976562 0.025735 0.027344
0 0.902941 0.148438 0.020588 0.021484
0 0.709559 0.153320 0.027941 0.021484
0 0.715441 0.740234 0.038235 0.037109
0 0.804044 0.153809 0.024265 0.034180
0 0.659191 0.674316 0.025735 0.069336
0 0.638235 0.905273 0.023529 0.041016
0 0.553309 0.226562 0.033088 0.064453
0 0.463603 0.358398 0.037500 0.033203
0 0.037500 0.169434 0.025000 0.045898
0 0.615074 0.875977 0.033088 0.039062
0 0.043382 0.545898 0.023529 0.041016
0 0.331250 0.393066 0.025735 0.034180
0 0.511397 0.983398 0.025735 0.031250
0 0.841544 0.196777 0.031618 0.057617
0 0.643015 0.146484 0.025735 0.035156
0 0.647794 0.272949 0.027941 0.047852
0 0.585294 0.092773 0.030882 0.054688
0 0.348162 0.830566 0.018382 0.043945
0 0.336397 0.023438 0.019853 0.039062
0 0.396324 0.068359 0.016176 0.035156
0 0.784559 0.485352 0.023529 0.039062
0 0.599265 0.020020 0.030882 0.036133
0 0.073897 0.704102 0.037500 0.037109
0 0.060662 0.476562 0.036029 0.050781
