0 0.726389 0.290842 0.022222 0.042079
0 0.008333 0.318069 0.019444 0.032178
0 0.838194 0.611386 0.023611 0.049505
0 0.498611 0.595297 0.022222 0.086634
0 0.840972 0.452970 0.023611 0.064356
0 0.536111 0.258663 0.019444 0.051980
0 0.217361 0.482673 0.023611 0.039604
0 0.793750 0.522277 0.023611 0.074257
0 0.261111 0.415842 0.025000 0.039604
0 0.131250 0.673267 0.034722 0.029703
0 0.198611 0.446782 0.030556 0.037129
0 0.781250 0.029703 0.026389 0.064356
0 0.812500 0.361386 0.027778 0.059406
0 0.237500 0.320545 0.033333 0.042079
0 0.608333 0.629950 0.036111 0.042079
0 0.623611 0.194307 0.033333 0.051980
0 0.151389 0.923267 0.047222 0.039604
0 0.127778 0.590347 0.036111 0.032178
0 0.971528 0.426980 0.031944 0.042079
0 0.375694 0.262376 0.037500 0.039604
0 0.581944 0.269802 0.019444 0.084158
0 0.650694 0.407178 0.020833 0.051980
0 0.648611 0.555693 0.033333 0.066832
0 0.350694 0.558168 0.029167 0.056931
