0 0.325321 0.258547 0.052083 0.051282
0 0.373478 0.219551 0.061538 0.077991
0 0.367468 0.087785 0.049519 0.110755
0 0.405729 0.093839 0.051522 0.053063
0 0.455221 0.059491 0.032318 0.113426
0 0.503606 0.081197 0.040064 0.066952
0 0.577684 0.061610 0.055369 0.086182
0 0.583734 0.140313 0.060897 0.037037
0 0.656928 0.032318 0.024593 0.060363
0 0.711218 0.077422 0.033494 0.048860
0 0.685897 0.100427 0.032853 0.031339
0 0.822052 0.059028 0.036813 0.062500
0 0.848096 0.020833 0.057651 0.032407
0 0.915557 0.037500 0.039448 0.060185
0 0.971554 0.190883 0.048077 0.058405
0 0.939503 0.300570 0.059295 0.064103
0 0.845773 0.128472 0.053005 0.053241
0 0.837573 0.164815 0.049104 0.074074
0 0.891464 0.166667 0.058969 0.046296
0 0.910317 0.143519 0.069591 0.101852
0 0.738381 0.318376 0.019231 0.108262
0 0.782068 0.404398 0.074552 0.053241
0 0.140823 0.375463 0.064979 0.050926
0 0.250801 0.691061 0.037659 0.053063
0 0.303557 0.766667 0.031073 0.055556
0 0.338505 0.723700 0.031979 0.081303
0 0.356571 0.675926 0.032853 0.076923
0 0.380933 0.588853 0.055936 0.053775
0 0.440705 0.668091 0.031250 0.106838
0 0.410580 0.873718 0.017475 0.119231
0 0.355891 0.791667 0.018031 0.101852
0 0.276603 0.867842 0.046955 0.100499
0 0.332933 0.937322 0.057692 0.041311
0 0.092328 0.728276 0.035697 0.123219
0 0.153045 0.561254 0.020032 0.084046
0 0.200321 0.730769 0.018429 0.112536
0 0.212340 0.477920 0.053686 0.045584
0 0.242388 0.537037 0.043269 0.041311
0 0.269631 0.459402 0.020833 0.102564
0 0.336750 0.409633 0.058917 0.037215
0 0.400641 0.385328 0.034455 0.062678
0 0.548878 0.274217 0.045673 0.076923
0 0.594518 0.360417 0.050495 0.048611
0 0.749107 0.612678 0.058310 0.041595
0 0.633214 0.674074 0.065385 0.064815
0 0.569311 0.637464 0.030449 0.082621
0 0.558494 0.732906 0.026442 0.079772
0 0.614984 0.779202 0.024038 0.086895
0 0.685497 0.792023 0.046474 0.049858
0 0.826247 0.323380 0.034786 0.085648
0 0.193159 0.165972 0.051943 0.057870
0 0.166133 0.309972 0.038196 0.065812
0 0.052544 0.092415 0.020713 0.101496
0 0.108574 0.138889 0.046474 0.034188
0 0.129808 0.055556 0.029647 0.101140
0 0.018830 0.081909 0.032051 0.039886
0 0.005809 0.277778 0.011619 0.061254
0 0.102965 0.587607 0.044872 0.042735
0 0.128365 0.491952 0.042147 0.154274
0 0.175343 0.472276 0.024564 0.102671
0 0.746258 0.667130 0.044599 0.041667
0 0.939103 0.621083 0.036058 0.061254
0 0.964824 0.457585 0.035897 0.057764
0 0.894231 0.365385 0.058494 0.042735
0 0.840545 0.748575 0.053686 0.076923
0 0.967548 0.782764 0.048077 0.051282
0 0.965946 0.932336 0.032051 0.071225
0 0.564503 0.870370 0.027244 0.084046
0 0.655849 0.879630 0.035256 0.071225
0 0.703279 0.938657 0.073224 0.025463
0 0.398638 0.955840 0.038462 0.069801
0 0.455308 0.948326 0.053325 0.039245
0 0.262969 0.976852 0.024896 0.046296
0 0.185497 0.027066 0.014423 0.052707
0 0.272436 0.033476 0.032853 0.059829
0 0.276042 0.221510 0.028846 0.105413
0 0.229968 0.408120 0.020032 0.082621
0 0.370994 0.965812 0.026442 0.058405
0 0.169071 0.793447 0.036058 0.047009
0 0.150240 0.740028 0.032051 0.065527
0 0.044872 0.706553 0.042468 0.075499
0 0.010817 0.712963 0.020833 0.071225
0 0.008614 0.568777 0.017228 0.080395
0 0.724760 0.074786 0.046474 0.065527
0 0.725962 0.028490 0.039263 0.044160
0 0.752003 0.040598 0.014423 0.068376
0 0.764824 0.065527 0.043269 0.041311
0 0.755609 0.119658 0.042468 0.055556
0 0.700721 0.154558 0.032051 0.088319
0 0.661058 0.237179 0.036058 0.065527
0 0.806891 0.238604 0.021635 0.071225
0 0.862981 0.328348 0.031250 0.062678
0 0.869792 0.304131 0.014423 0.088319
0 0.846955 0.790598 0.045673 0.072650
0 0.834535 0.825499 0.036859 0.094017
0 0.833333 0.947293 0.021635 0.092593
0 0.885016 0.948006 0.022436 0.099715
0 0.959936 0.712251 0.037660 0.047009
0 0.975034 0.980662 0.020284 0.036823
0 0.972356 0.565527 0.024038 0.084046
0 0.993930 0.515985 0.011098 0.073280
0 0.991526 0.588506 0.015905 0.067325
0 0.901843 0.492165 0.033654 0.034188
0 0.852564 0.459402 0.034455 0.074074
0 0.798478 0.478632 0.046474 0.052707
0 0.816106 0.548433 0.019231 0.092593
0 0.806090 0.611111 0.058494 0.089744
0 0.739183 0.774217 0.040064 0.065527
0 0.701122 0.732194 0.045673 0.049858
0 0.725962 0.705840 0.040865 0.045584
0 0.699519 0.653846 0.036058 0.061254
0 0.697516 0.616809 0.032051 0.047009
0 0.680288 0.517806 0.047276 0.056980
0 0.698317 0.463675 0.046474 0.062678
0 0.656250 0.504274 0.036058 0.047009
0 0.605369 0.488604 0.040064 0.047009
0 0.622596 0.457977 0.018429 0.059829
0 0.563702 0.438746 0.044872 0.049858
0 0.614183 0.379630 0.044872 0.048433
0 0.683494 0.334046 0.085737 0.051282
0 0.637019 0.619658 0.042468 0.055556
0 0.495192 0.522080 0.042468 0.028490
0 0.510417 0.487892 0.048878 0.025641
0 0.489583 0.381766 0.036058 0.055556
0 0.537660 0.366097 0.032853 0.078348
0 0.508013 0.309829 0.026442 0.074074
0 0.468349 0.533476 0.032051 0.079772
0 0.388622 0.470085 0.039263 0.055556
0 0.342147 0.482906 0.034455 0.078348
0 0.288061 0.569801 0.035256 0.069801
0 0.221955 0.794160 0.028045 0.065527
0 0.082933 0.844729 0.019231 0.095442
0 0.020032 0.789886 0.037660 0.042735
0 0.055689 0.777066 0.036859 0.042735
0 0.044471 0.280627 0.020833 0.103989
0 0.019631 0.291311 0.027244 0.082621
0 0.033253 0.356838 0.048077 0.071225
0 0.060897 0.353276 0.045673 0.049858
0 0.747596 0.460826 0.042468 0.056980
0 0.734776 0.410256 0.032853 0.075499
0 0.761642 0.972828 0.027196 0.052493
0 0.790279 0.969979 0.015655 0.058191
0 0.389423 0.816239 0.037660 0.049858
0 0.345753 0.841880 0.044872 0.052707
0 0.598958 0.224359 0.016026 0.076923
0 0.576122 0.248575 0.023237 0.051282
