0 0.608173 0.416667 0.071314 0.037037
0 0.606062 0.504491 0.036083 0.049722
0 0.650466 0.565796 0.016557 0.081593
0 0.824154 0.188319 0.051432 0.048861
0 0.528042 0.156759 0.051917 0.065370
0 0.517228 0.396724 0.028846 0.074074
0 0.480688 0.453139 0.036375 0.032204
0 0.480969 0.518315 0.039021 0.077370
0 0.390880 0.536569 0.028635 0.080546
0 0.368424 0.648690 0.030599 0.075157
0 0.410195 0.669329 0.019349 0.079398
0 0.473930 0.619671 0.040568 0.052306
0 0.528797 0.668676 0.029469 0.083648
0 0.657219 0.729153 0.038396 0.049046
0 0.686586 0.456019 0.036714 0.073148
0 0.848591 0.559648 0.026349 0.108185
0 0.655188 0.965963 0.029125 0.065259
0 0.501342 0.978989 0.062780 0.030627
0 0.059696 0.053419 0.027244 0.065527
0 0.088942 0.049145 0.026442 0.079772
0 0.037260 0.174501 0.028846 0.048433
0 0.022035 0.200142 0.038462 0.059829
0 0.112580 0.169516 0.017628 0.064103
0 0.110978 0.262821 0.041667 0.085470
0 0.125401 0.252137 0.046474 0.069801
0 0.016026 0.361111 0.026442 0.079772
0 0.060497 0.404558 0.036859 0.066952
0 0.083333 0.314815 0.028045 0.092593
0 0.094952 0.337607 0.057692 0.049858
0 0.142228 0.345442 0.036859 0.059829
0 0.081731 0.460114 0.029647 0.092593
0 0.021434 0.454119 0.042869 0.063509
0 0.046875 0.512108 0.052885 0.037037
0 0.035256 0.536325 0.069712 0.065527
0 0.023838 0.603615 0.047676 0.086147
0 0.052083 0.663818 0.028045 0.072650
0 0.085737 0.717949 0.028045 0.081197
0 0.110978 0.670940 0.043269 0.069801
0 0.147837 0.695869 0.051282 0.054131
0 0.087340 0.777778 0.055288 0.029915
0 0.043670 0.854701 0.086538 0.035613
0 0.021835 0.909233 0.043670 0.067754
0 0.050881 0.903846 0.030449 0.102564
0 0.056090 0.948718 0.052083 0.055556
0 0.083333 0.906695 0.037660 0.068376
0 0.083790 0.976389 0.033542 0.045370
0 0.168269 0.757123 0.029647 0.096866
0 0.170673 0.794872 0.032853 0.095442
0 0.199920 0.810541 0.072115 0.035613
0 0.203526 0.749288 0.034455 0.061254
0 0.243990 0.748575 0.048077 0.045584
0 0.200321 0.921652 0.040865 0.066952
0 0.288061 0.826211 0.020833 0.044160
0 0.283253 0.948718 0.028846 0.075499
0 0.327324 0.920228 0.038462 0.086895
0 0.366987 0.919516 0.039263 0.045584
0 0.360577 0.958689 0.063301 0.027066
0 0.359375 0.861111 0.080128 0.039886
0 0.317708 0.789886 0.080128 0.042735
0 0.328526 0.719373 0.044071 0.143875
0 0.338942 0.670228 0.032853 0.045584
0 0.178686 0.622507 0.028045 0.078348
0 0.216346 0.666667 0.050481 0.035613
0 0.253205 0.628205 0.029647 0.038462
0 0.285657 0.628917 0.070513 0.071225
0 0.154647 0.558405 0.036058 0.044160
0 0.162260 0.478632 0.043269 0.121083
0 0.151843 0.462963 0.046474 0.072650
0 0.110978 0.426638 0.057692 0.068376
0 0.161859 0.360399 0.044071 0.061254
0 0.200721 0.371083 0.052885 0.037037
0 0.227965 0.428063 0.040064 0.079772
0 0.213942 0.470798 0.031250 0.111111
0 0.251202 0.480057 0.032051 0.081197
0 0.250801 0.566952 0.036058 0.106838
0 0.278446 0.541311 0.024038 0.061254
0 0.322115 0.529202 0.050481 0.056980
0 0.312500 0.591168 0.037660 0.089744
0 0.292869 0.459402 0.032051 0.059829
0 0.251202 0.411681 0.040064 0.049858
0 0.262019 0.405983 0.042468 0.052707
0 0.272436 0.369658 0.042468 0.091168
0 0.266426 0.354701 0.028846 0.098291
0 0.220353 0.334758 0.060096 0.084046
0 0.161458 0.242877 0.024038 0.094017
0 0.188702 0.254274 0.038462 0.074074
0 0.191106 0.204416 0.048077 0.094017
0 0.249199 0.255698 0.079327 0.071225
0 0.254006 0.217236 0.058494 0.054131
0 0.303686 0.204416 0.050481 0.051282
0 0.336138 0.226496 0.032051 0.084046
0 0.361378 0.251425 0.056891 0.071225
0 0.135417 0.054843 0.032853 0.074074
0 0.175481 0.051994 0.045673 0.056980
0 0.182692 0.017094 0.037660 0.029915
0 0.225561 0.042735 0.030449 0.081197
0 0.268029 0.051282 0.028846 0.078348
0 0.282051 0.147436 0.048878 0.062678
0 0.246795 0.152422 0.031250 0.103989
0 0.320913 0.116809 0.078526 0.061254
0 0.332532 0.175926 0.024840 0.091168
0 0.355369 0.178063 0.028846 0.055556
0 0.310497 0.118946 0.059295 0.065527
0 0.381410 0.127493 0.039263 0.045584
0 0.398237 0.111823 0.026442 0.039886
0 0.357772 0.013533 0.041667 0.025641
0 0.383814 0.037749 0.031250 0.048433
0 0.433494 0.085470 0.032853 0.032764
0 0.455128 0.061254 0.021635 0.035613
0 0.432692 0.172365 0.047276 0.058405
0 0.423077 0.319088 0.037660 0.021368
0 0.367788 0.381766 0.040865 0.055556
0 0.411458 0.361823 0.024038 0.049858
0 0.411859 0.425214 0.023237 0.076923
0 0.447917 0.376781 0.021635 0.068376
0 0.671875 0.386752 0.041667 0.091168
0 0.454327 0.415954 0.040865 0.044160
0 0.520833 0.314815 0.026442 0.072650
0 0.516426 0.231481 0.017628 0.056980
0 0.536859 0.229345 0.020032 0.078348
0 0.561298 0.270655 0.017628 0.103989
0 0.506010 0.047009 0.040064 0.089744
0 0.558093 0.138889 0.062500 0.074074
0 0.583734 0.056980 0.048077 0.061254
0 0.634215 0.135328 0.044872 0.061254
0 0.677885 0.074786 0.034455 0.099715
0 0.629808 0.061254 0.045673 0.027066
0 0.679888 0.155983 0.027244 0.076923
0 0.659856 0.238604 0.022436 0.108262
0 0.577324 0.339031 0.022436 0.038462
0 0.461138 0.660969 0.027244 0.072650
0 0.486378 0.651709 0.048878 0.056980
0 0.374199 0.792735 0.052083 0.076923
0 0.401042 0.837607 0.049679 0.086895
0 0.446314 0.759972 0.036058 0.054131
0 0.449045 0.962144 0.025787 0.073860
0 0.475117 0.977813 0.039349 0.042521
0 0.486779 0.867521 0.025641 0.066952
0 0.516827 0.896011 0.053686 0.066952
0 0.539663 0.893162 0.025641 0.058405
0 0.558894 0.915242 0.016026 0.048433
0 0.583333 0.925926 0.031250 0.078348
0 0.610602 0.952172 0.021585 0.093803
0 0.629441 0.974252 0.015957 0.049644
0 0.599359 0.876781 0.016827 0.085470
0 0.592949 0.802707 0.016827 0.079772
0 0.601763 0.809829 0.016827 0.111111
0 0.618590 0.769231 0.015224 0.064103
0 0.651442 0.799145 0.028045 0.081197
0 0.733574 0.851852 0.022436 0.112536
0 0.715946 0.904558 0.067308 0.035613
0 0.706330 0.918091 0.041667 0.108262
0 0.711313 0.959295 0.018880 0.079558
0 0.540865 0.735043 0.021635 0.106838
0 0.633413 0.648860 0.033654 0.068376
0 0.618590 0.690883 0.063301 0.064103
0 0.597356 0.642450 0.014423 0.089744
0 0.481170 0.564815 0.035256 0.031339
0 0.566907 0.529202 0.049679 0.056980
0 0.624199 0.587607 0.047276 0.071225
0 0.677083 0.693732 0.034455 0.109687
0 0.704327 0.620370 0.021635 0.102564
0 0.766026 0.624644 0.061699 0.039886
0 0.810497 0.574786 0.035256 0.088319
0 0.812099 0.628917 0.043269 0.034188
0 0.821715 0.683761 0.033654 0.058405
0 0.758413 0.656695 0.044872 0.044160
0 0.771234 0.704416 0.020833 0.059829
0 0.745192 0.707265 0.021635 0.059829
0 0.766426 0.837607 0.020833 0.058405
0 0.781651 0.924501 0.027244 0.052707
0 0.799279 0.959402 0.020833 0.074074
0 0.820475 0.964281 0.024764 0.069587
0 0.808494 0.814815 0.032853 0.058405
0 0.819311 0.851140 0.035256 0.082621
0 0.792468 0.869658 0.031250 0.034188
0 0.872596 0.928063 0.036058 0.059829
0 0.868990 0.908832 0.036859 0.084046
0 0.759615 0.403846 0.053686 0.039886
0 0.769631 0.477208 0.038462 0.109687
0 0.759615 0.301282 0.037660 0.074074
0 0.742788 0.299145 0.036058 0.061254
0 0.727564 0.247151 0.026442 0.062678
0 0.756010 0.210826 0.035256 0.066952
0 0.730769 0.109687 0.020032 0.095442
0 0.739183 0.042735 0.044872 0.064103
0 0.761619 0.020655 0.036859 0.037037
0 0.774840 0.111111 0.018429 0.078348
0 0.806090 0.214387 0.055288 0.159544
0 0.893029 0.292735 0.073718 0.133903
0 0.885817 0.042023 0.052885 0.076923
0 0.857372 0.092593 0.036058 0.086895
0 0.857372 0.023504 0.031250 0.039886
0 0.931891 0.049858 0.031250 0.061254
0 0.917869 0.100427 0.049679 0.056980
0 0.931490 0.131766 0.019231 0.088319
0 0.971154 0.071225 0.026442 0.118234
0 0.952324 0.156695 0.067308 0.049858
0 0.985517 0.178598 0.027925 0.082267
0 0.943109 0.215812 0.053686 0.039886
0 0.895833 0.170228 0.052083 0.054131
0 0.803285 0.411681 0.027244 0.066952
0 0.851763 0.724359 0.047276 0.059829
0 0.872997 0.603989 0.046474 0.044160
0 0.878205 0.527066 0.047276 0.095442
0 0.876603 0.403846 0.032853 0.065527
0 0.864984 0.451567 0.052885 0.047009
0 0.904247 0.504274 0.048077 0.041311
0 0.949519 0.482194 0.047276 0.048433
0 0.885016 0.707265 0.024038 0.102564
0 0.918269 0.656695 0.023237 0.064103
0 0.949519 0.658832 0.048878 0.062678
0 0.919872 0.700142 0.052083 0.048433
0 0.926683 0.766382 0.038462 0.084046
0 0.976362 0.753561 0.030449 0.069801
0 0.841747 0.849003 0.027244 0.081197
0 0.862580 0.869658 0.041667 0.170940
0 0.912660 0.900285 0.039263 0.075499
0 0.917468 0.923789 0.029647 0.065527
0 0.885016 0.847578 0.033654 0.103989
0 0.940705 0.901709 0.034455 0.044160
0 0.985917 0.937363 0.027123 0.055638
0 0.933494 0.384615 0.048878 0.047009
0 0.953526 0.363960 0.050481 0.034188
0 0.946715 0.313390 0.035256 0.089744
0 0.969551 0.323362 0.056891 0.066952
0 0.977564 0.386040 0.040865 0.069801
0 0.961939 0.437322 0.070513 0.058405
0 0.739984 0.476496 0.024038 0.056980
0 0.014223 0.098193 0.028446 0.024021
0 0.964744 0.542023 0.053686 0.019943
0 0.425881 0.817664 0.032051 0.078348
