0 0.672059 0.594238 0.016176 0.032227
0 0.708824 0.974609 0.048529 0.035156
0 0.301103 0.014648 0.015441 0.029297
0 0.791176 0.664062 0.019118 0.035156
0 0.930882 0.941895 0.017647 0.041992
0 0.669485 0.922852 0.028676 0.027344
0 0.258824 0.646484 0.019118 0.042969
0 0.418015 0.809570 0.028676 0.039062
0 0.088971 0.822266 0.023529 0.027344
0 0.641544 0.594727 0.018382 0.035156
0 0.369118 0.085449 0.016176 0.032227
0 0.858824 0.537109 0.020588 0.050781
0 0.767647 0.947266 0.017647 0.033203
0 0.782353 0.375488 0.020588 0.045898
0 0.156250 0.045898 0.016912 0.021484
0 0.155147 0.061523 0.030882 0.029297
0 0.131250 0.717773 0.031618 0.050781
0 0.578676 0.540527 0.052941 0.030273
0 0.905515 0.848145 0.033088 0.024414
