0 0.810060 0.219366 0.041995 0.031324
0 0.413773 0.121421 0.046297 0.042843
0 0.341312 0.936481 0.014917 0.043333
0 0.605950 0.236809 0.032106 0.032978
0 0.679036 0.411908 0.017361 0.030864
0 0.713397 0.262088 0.023872 0.042438
0 0.256583 0.894162 0.023148 0.036008
0 0.477937 0.180427 0.021701 0.038580
0 0.832031 0.340535 0.019531 0.037294
0 0.834201 0.370113 0.025318 0.045010
0 0.842159 0.704475 0.016638 0.045010
0 0.811777 0.530864 0.016638 0.042438
0 0.156756 0.181713 0.020255 0.041152
0 0.857711 0.317387 0.023148 0.032150
0 0.518808 0.370113 0.019531 0.045010
0 0.400535 0.948174 0.027488 0.023148
0 0.432726 0.951389 0.013744 0.039866
