0 0.653779 0.635306 0.030474 0.020611
0 0.561997 0.482755 0.018786 0.074769
0 0.798477 0.597995 0.071953 0.038583
0 0.758070 0.629551 0.036974 0.085028
0 0.755138 0.670801 0.026943 0.089750
0 0.794865 0.622222 0.056396 0.046296
0 0.689805 0.899662 0.025443 0.049324
0 0.440432 0.733394 0.019406 0.066787
0 0.488883 0.435213 0.021516 0.040796
0 0.422362 0.476560 0.015557 0.043861
0 0.975737 0.861972 0.016057 0.088759
0 0.122596 0.203704 0.045673 0.029915
0 0.187500 0.540598 0.032853 0.042735
0 0.135417 0.665954 0.018429 0.062678
0 0.121394 0.843305 0.024038 0.066952
0 0.321715 0.778490 0.019231 0.076923
0 0.354567 0.720085 0.017628 0.054131
0 0.365785 0.683761 0.016026 0.052707
0 0.421875 0.643162 0.033654 0.048433
0 0.471154 0.893875 0.042468 0.022792
0 0.527244 0.910256 0.024840 0.018519
0 0.624199 0.930199 0.020032 0.058405
0 0.750401 0.908832 0.024038 0.049858
0 0.749599 0.353276 0.020833 0.081197
0 0.225561 0.160969 0.016026 0.064103
0 0.164263 0.445157 0.037660 0.034188
0 0.296875 0.253561 0.036859 0.038462
0 0.345353 0.131054 0.036058 0.049858
0 0.225561 0.646724 0.016026 0.044160
