0 0.402604 0.307407 0.017708 0.066667
0 0.192708 0.044907 0.032292 0.049074
0 0.486458 0.467593 0.029167 0.055556
0 0.212760 0.812500 0.020313 0.082407
0 0.153385 0.030556 0.034896 0.046296
0 0.231510 0.798611 0.043229 0.078704
0 0.994010 0.508796 0.011979 0.069444
0 0.698177 0.799074 0.027604 0.068519
0 0.750781 0.239815 0.018229 0.062963
0 0.563802 0.205556 0.034896 0.062963
0 0.521875 0.204167 0.056250 0.037963
0 0.772656 0.516667 0.036979 0.051852
0 0.501302 0.506481 0.045312 0.070370
0 0.912760 0.699074 0.024479 0.068519
0 0.138802 0.555556 0.039062 0.050000
