0 0.222222 0.553218 0.019444 0.042079
0 0.782639 0.136139 0.020833 0.064356
0 0.147222 0.793317 0.025000 0.061881
0 0.714583 0.545792 0.045833 0.042079
0 0.672222 0.627475 0.036111 0.032178
0 0.822222 0.870050 0.033333 0.051980
0 0.022222 0.167079 0.044444 0.071782
0 0.252083 0.024752 0.037500 0.054455
0 0.502083 0.497525 0.031944 0.094059
0 0.783333 0.969059 0.030556 0.047030
0 0.634722 0.539604 0.052778 0.054455
0 0.877083 0.960396 0.065278 0.049505
0 0.289583 0.533416 0.056944 0.071782
0 0.717361 0.660891 0.023611 0.039604
