0 0.189904 0.190883 0.048878 0.049858
0 0.122388 0.192954 0.057276 0.071093
0 0.050881 0.314103 0.035256 0.119658
0 0.128204 0.358509 0.061696 0.031833
0 0.160877 0.374288 0.054046 0.044872
0 0.241587 0.091168 0.017628 0.086895
0 0.291528 0.084602 0.037382 0.039574
0 0.181891 0.041311 0.023237 0.078348
0 0.487580 0.095442 0.027244 0.049858
0 0.559417 0.130769 0.045917 0.057833
0 0.564042 0.039530 0.024960 0.079060
0 0.537240 0.013604 0.036899 0.028348
0 0.455128 0.040242 0.013622 0.080484
0 0.422961 0.070639 0.013630 0.083870
0 0.388622 0.018162 0.042468 0.036325
0 0.403045 0.312678 0.058494 0.039886
0 0.377804 0.381766 0.041667 0.081197
0 0.317288 0.272009 0.037700 0.069943
0 0.264423 0.215100 0.026442 0.089744
0 0.267729 0.512639 0.035458 0.099352
0 0.413596 0.605991 0.054276 0.091611
0 0.437854 0.724310 0.036125 0.096769
0 0.400753 0.744074 0.046297 0.040000
0 0.336859 0.746629 0.036699 0.064483
0 0.315164 0.788542 0.037620 0.069676
0 0.362729 0.805508 0.040042 0.074833
0 0.352195 0.847694 0.056474 0.036130
0 0.404327 0.900712 0.019071 0.108832
0 0.461538 0.942308 0.061699 0.039886
0 0.555987 0.742972 0.024474 0.074833
0 0.612885 0.783153 0.030979 0.077417
0 0.562784 0.878556 0.032859 0.064519
0 0.757003 0.676565 0.039005 0.043870
0 0.763641 0.610815 0.040823 0.086444
0 0.817214 0.566963 0.054219 0.070963
0 0.831630 0.608130 0.037219 0.047741
0 0.816607 0.516458 0.025922 0.090324
0 0.844289 0.432736 0.036495 0.058065
0 0.740852 0.360347 0.062953 0.050324
0 0.739883 0.310597 0.042266 0.061935
0 0.695729 0.166093 0.031042 0.087741
0 0.960969 0.330093 0.054229 0.078704
0 0.941268 0.536829 0.017953 0.090324
0 0.931589 0.640843 0.027760 0.076130
0 0.888479 0.573384 0.033208 0.096769
0 0.896701 0.488458 0.036109 0.065806
0 0.752677 0.506801 0.030354 0.100639
0 0.664786 0.702880 0.044156 0.076130
0 0.662315 0.873894 0.050672 0.077417
0 0.677484 0.809117 0.032051 0.081197
0 0.012821 0.031339 0.018429 0.052707
0 0.032452 0.087607 0.032051 0.068376
0 0.049279 0.100427 0.030449 0.056980
0 0.015625 0.435185 0.027244 0.034188
0 0.050881 0.693020 0.049679 0.065527
0 0.026442 0.725071 0.047276 0.078348
0 0.086939 0.737892 0.046474 0.055556
0 0.040064 0.793447 0.024840 0.072650
0 0.009014 0.785969 0.018029 0.036325
0 0.182692 0.789174 0.039263 0.055556
0 0.155449 0.764245 0.042468 0.031339
0 0.182692 0.749288 0.045673 0.029915
0 0.203526 0.717236 0.036058 0.054131
0 0.143029 0.698718 0.030449 0.094017
0 0.113782 0.529202 0.040865 0.062678
0 0.129407 0.455128 0.035256 0.048433
0 0.190705 0.472222 0.087340 0.045584
0 0.174679 0.517806 0.066506 0.039886
0 0.233974 0.527778 0.018429 0.068376
0 0.125801 0.051994 0.040865 0.082621
0 0.248397 0.664530 0.021635 0.088319
0 0.272837 0.862536 0.017628 0.111111
0 0.220886 0.984936 0.041933 0.028276
0 0.320513 0.971510 0.016827 0.052707
0 0.351362 0.920228 0.024038 0.098291
0 0.368148 0.976389 0.017546 0.045370
0 0.374199 0.914530 0.023237 0.084046
0 0.395433 0.508547 0.035256 0.069801
0 0.332933 0.438034 0.046474 0.051282
0 0.314503 0.385328 0.035256 0.071225
0 0.380609 0.207977 0.045673 0.058405
0 0.399038 0.136752 0.037660 0.047009
0 0.493990 0.378917 0.059295 0.032764
0 0.500000 0.409544 0.037660 0.048433
0 0.512019 0.487179 0.060096 0.032764
0 0.463942 0.487892 0.028045 0.051282
0 0.469551 0.529915 0.032853 0.047009
0 0.568109 0.616809 0.015224 0.081197
0 0.632212 0.626068 0.031250 0.071225
0 0.640224 0.574786 0.021635 0.079772
0 0.634215 0.520655 0.049679 0.025641
0 0.571715 0.485755 0.033654 0.055556
0 0.572917 0.440171 0.034455 0.069801
0 0.589343 0.437322 0.027244 0.072650
0 0.640224 0.478632 0.064904 0.069801
0 0.618590 0.399573 0.040865 0.031339
0 0.599359 0.365385 0.032853 0.059829
0 0.590144 0.327635 0.020833 0.089744
0 0.562099 0.262821 0.046474 0.042735
0 0.567708 0.243590 0.054487 0.069801
0 0.662260 0.027778 0.025641 0.051282
0 0.693510 0.100427 0.038462 0.042735
0 0.663462 0.242165 0.047276 0.055556
0 0.694712 0.391738 0.024840 0.052707
0 0.733974 0.415954 0.029647 0.086895
0 0.773237 0.403846 0.053686 0.062678
0 0.706731 0.463675 0.048878 0.045584
0 0.774439 0.477208 0.035256 0.044160
0 0.704327 0.646011 0.037660 0.039886
0 0.721554 0.699430 0.056090 0.035613
0 0.685497 0.742165 0.044872 0.041311
0 0.723157 0.824786 0.027244 0.092593
0 0.776843 0.861111 0.035256 0.096866
0 0.727440 0.970691 0.025089 0.056766
0 0.689103 0.945869 0.037660 0.066952
0 0.786348 0.975677 0.019010 0.046795
0 0.824920 0.721510 0.062500 0.039886
0 0.852564 0.796296 0.032853 0.095442
0 0.828926 0.821937 0.046474 0.092593
0 0.844151 0.917379 0.024038 0.081197
0 0.894231 0.921652 0.021635 0.095442
0 0.973513 0.950036 0.050571 0.098077
0 0.747997 0.116809 0.038462 0.041311
0 0.749599 0.148148 0.041667 0.032764
0 0.779247 0.084046 0.057692 0.041311
0 0.778846 0.035613 0.055288 0.041311
0 0.844551 0.041311 0.032853 0.078348
0 0.853766 0.037037 0.033654 0.035613
0 0.869792 0.077635 0.056090 0.065527
0 0.852965 0.108262 0.043269 0.052707
0 0.806891 0.168803 0.023237 0.079772
0 0.822917 0.165242 0.032853 0.061254
0 0.845353 0.202991 0.042468 0.037037
0 0.806090 0.237179 0.021635 0.074074
0 0.877003 0.155983 0.056090 0.031339
0 0.921474 0.044872 0.042468 0.062678
0 0.935897 0.084758 0.056891 0.042735
0 0.931891 0.124644 0.028045 0.042735
0 0.937500 0.187322 0.047276 0.094017
0 0.989583 0.181624 0.016827 0.054131
0 0.934295 0.295584 0.039263 0.094017
0 0.860577 0.314815 0.021635 0.075499
0 0.836538 0.331909 0.034455 0.049858
0 0.983113 0.448663 0.032732 0.029805
0 0.979567 0.514245 0.025641 0.103989
0 0.993530 0.501425 0.011899 0.081197
0 0.961939 0.719373 0.046474 0.055556
0 0.978365 0.777778 0.040865 0.041311
0 0.007212 0.507123 0.012019 0.049858
