0 0.082382 0.581313 0.022118 0.039580
0 0.827757 0.985669 0.036397 0.027979
0 0.708324 0.711084 0.034294 0.033496
0 0.732316 0.450679 0.024926 0.022451
0 0.062217 0.741738 0.022963 0.040117
0 0.553401 0.083579 0.017096 0.036299
0 0.433223 0.447967 0.020713 0.035761
0 0.717492 0.289782 0.026316 0.022615
0 0.823142 0.232730 0.042570 0.025699
0 0.941950 0.579667 0.034056 0.028783
0 0.090557 0.869552 0.024768 0.047286
0 0.235681 0.925062 0.016254 0.045230
0 0.452786 0.838199 0.029412 0.046258
