0 0.198611 0.450495 0.033333 0.039604
0 0.142361 0.667079 0.037500 0.042079
0 0.213194 0.486386 0.040278 0.032178
0 0.557639 0.508663 0.018056 0.051980
0 0.397222 0.615099 0.030556 0.032178
0 0.778472 0.628713 0.020833 0.074257
0 0.578472 0.238861 0.020833 0.076733
0 0.128472 0.592822 0.037500 0.032178
0 0.859722 0.555693 0.033333 0.042079
0 0.150694 0.925743 0.048611 0.034653
0 0.625000 0.195545 0.033333 0.044554
0 0.652083 0.407178 0.020833 0.051980
0 0.345139 0.548267 0.029167 0.032178
0 0.727083 0.294554 0.020833 0.039604
0 0.538194 0.268564 0.026389 0.042079
0 0.375000 0.263614 0.038889 0.042079
0 0.988194 0.493812 0.023611 0.061881
0 0.676389 0.612624 0.038889 0.042079
0 0.622222 0.620050 0.036111 0.061881
0 0.498611 0.592822 0.025000 0.101485
