0 0.437216 0.102431 0.029641 0.032639
0 0.689953 0.169588 0.019490 0.083620
0 0.466292 0.581051 0.035708 0.058398
0 0.471466 0.727625 0.010641 0.060806
0 0.124937 0.638704 0.045708 0.031111
0 0.886406 0.676454 0.030104 0.082537
0 0.854208 0.820472 0.044875 0.046500
0 0.112573 0.775093 0.024104 0.066852
0 0.476763 0.488604 0.031250 0.055556
0 0.471955 0.522792 0.020032 0.041311
0 0.873798 0.308405 0.020833 0.056980
0 0.950321 0.241453 0.026442 0.056980
0 0.852965 0.611823 0.017628 0.071225
0 0.755609 0.719373 0.044071 0.032764
0 0.726362 0.137464 0.011218 0.079772
0 0.418670 0.277778 0.012821 0.041311
0 0.021234 0.516382 0.041667 0.074074
0 0.113381 0.094729 0.012821 0.062678
0 0.257612 0.293447 0.041667 0.024217
0 0.218349 0.772792 0.017628 0.054131
0 0.574920 0.804843 0.012821 0.058405
0 0.681090 0.321225 0.031250 0.022792
0 0.391827 0.603276 0.039263 0.045584
0 0.358173 0.568376 0.024840 0.032764
0 0.325721 0.641026 0.035256 0.038462
0 0.446715 0.700855 0.022436 0.069801
0 0.667468 0.544160 0.026442 0.061254
