0 0.641406 0.524074 0.018229 0.037037
0 0.420833 0.557870 0.019792 0.025000
0 0.257031 0.959722 0.028646 0.030556
0 0.393229 0.706019 0.027083 0.043519
0 0.985156 0.621759 0.029687 0.032407
0 0.836979 0.520833 0.014583 0.056481
0 0.640365 0.408796 0.028646 0.026852
0 0.778906 0.929167 0.022396 0.041667
0 0.626302 0.984259 0.023438 0.031481
0 0.516406 0.580556 0.024479 0.033333
0 0.246875 0.484259 0.033333 0.027778
0 0.569531 0.623148 0.021354 0.053704
0 0.321354 0.461111 0.021875 0.031481
0 0.811458 0.568981 0.029167 0.032407
0 0.986458 0.248611 0.027083 0.021296
