0 0.368341 0.098421 0.033557 0.033880
0 0.378276 0.125157 0.038844 0.042907
0 0.411690 0.120958 0.023380 0.073398
0 0.585337 0.127493 0.083333 0.068376
0 0.555424 0.251037 0.037932 0.037259
0 0.576688 0.321861 0.013792 0.047426
0 0.570844 0.343519 0.038562 0.046296
0 0.609073 0.342366 0.026479 0.064361
0 0.660749 0.628108 0.035440 0.075303
0 0.524625 0.458875 0.028417 0.067750
0 0.502349 0.396093 0.029698 0.090333
0 0.545646 0.554921 0.031917 0.059843
0 0.389482 0.344718 0.033130 0.080176
0 0.287380 0.190583 0.033094 0.049685
0 0.304927 0.046861 0.025479 0.093722
0 0.229492 0.204199 0.044401 0.062102
0 0.267078 0.252486 0.016448 0.032750
0 0.118729 0.718046 0.066625 0.056463
0 0.153927 0.924977 0.026604 0.066620
0 0.028589 0.651398 0.057177 0.082426
0 0.024891 0.698060 0.049781 0.081306
0 0.404255 0.465583 0.044969 0.049685
0 0.442049 0.818991 0.053891 0.036130
0 0.518635 0.842977 0.071646 0.071139
0 0.685250 0.814296 0.042375 0.097111
0 0.676685 0.850972 0.017953 0.051944
0 0.827984 0.835704 0.022635 0.088074
0 0.817328 0.848079 0.031531 0.060972
0 0.584432 0.915810 0.015740 0.031620
0 0.511458 0.952315 0.040625 0.095370
0 0.896141 0.753454 0.036031 0.084685
0 0.982984 0.447944 0.033677 0.044037
0 0.971927 0.215764 0.030313 0.072269
0 0.930547 0.087940 0.039219 0.066620
0 0.886461 0.429542 0.035422 0.035009
0 0.017138 0.333222 0.034276 0.055333
0 0.256410 0.029202 0.042468 0.031339
0 0.158654 0.383191 0.021635 0.066952
