0 0.282982 0.067000 0.038880 0.093259
0 0.358427 0.329157 0.023104 0.086093
0 0.469437 0.586778 0.023250 0.080963
0 0.673792 0.624528 0.043417 0.054611
0 0.631513 0.509417 0.032818 0.092907
0 0.743909 0.280884 0.051359 0.076583
0 0.650206 0.168144 0.035828 0.065917
0 0.739812 0.720389 0.049417 0.044481
0 0.648464 0.826681 0.035469 0.094102
0 0.038061 0.032051 0.073718 0.034188
0 0.013622 0.077635 0.026442 0.054131
0 0.040465 0.118946 0.032051 0.062678
0 0.110978 0.080484 0.057692 0.034188
0 0.145833 0.133903 0.024840 0.106838
0 0.159856 0.159544 0.020833 0.078348
0 0.125801 0.193020 0.039263 0.056980
0 0.039663 0.219373 0.032051 0.123932
0 0.006010 0.327635 0.011218 0.098291
0 0.020833 0.346154 0.036058 0.072650
0 0.114583 0.384615 0.063301 0.035613
0 0.059295 0.461538 0.039263 0.115385
0 0.015625 0.493590 0.025641 0.039886
0 0.014824 0.583333 0.017628 0.111111
0 0.108574 0.485755 0.032051 0.058405
0 0.127404 0.445869 0.032853 0.064103
0 0.218349 0.435185 0.062500 0.031339
0 0.260417 0.440171 0.036058 0.064103
0 0.235978 0.482194 0.062500 0.068376
0 0.254407 0.543447 0.043269 0.037037
0 0.206731 0.232194 0.071314 0.109687
0 0.204728 0.119658 0.040064 0.115385
0 0.283654 0.247863 0.028045 0.106838
0 0.296074 0.159544 0.030449 0.061254
0 0.368189 0.239316 0.051282 0.041311
0 0.385817 0.206553 0.038462 0.044160
0 0.388622 0.131054 0.032853 0.055556
0 0.416667 0.022792 0.052083 0.035613
0 0.460737 0.150997 0.056891 0.049858
0 0.472356 0.312678 0.051282 0.071225
0 0.564103 0.252849 0.066506 0.031339
0 0.525240 0.298433 0.033654 0.122507
0 0.523638 0.375356 0.046474 0.054131
0 0.496795 0.424501 0.048878 0.049858
0 0.534455 0.443732 0.039263 0.068376
0 0.537260 0.485043 0.044872 0.034188
0 0.465144 0.500000 0.028846 0.049858
0 0.549279 0.627493 0.059295 0.065527
0 0.556490 0.685897 0.048077 0.045584
0 0.556891 0.747863 0.016827 0.095442
0 0.566106 0.845442 0.027244 0.082621
0 0.417067 0.849715 0.025641 0.096866
0 0.363782 0.773504 0.040865 0.078348
0 0.349760 0.751425 0.040064 0.085470
0 0.398638 0.596866 0.043269 0.064103
0 0.362179 0.455840 0.040865 0.044160
0 0.352564 0.407407 0.037660 0.049858
0 0.125801 0.583333 0.048878 0.034188
0 0.172276 0.639601 0.032853 0.092593
0 0.053285 0.668091 0.028846 0.049858
0 0.054087 0.730057 0.038462 0.076923
0 0.087740 0.756410 0.054487 0.106838
0 0.015625 0.737892 0.028846 0.084046
0 0.132212 0.754274 0.047276 0.037037
0 0.167468 0.732906 0.040865 0.091168
0 0.204327 0.766382 0.026442 0.103989
0 0.261619 0.713675 0.019231 0.103989
0 0.272035 0.774929 0.025641 0.066952
0 0.280849 0.620370 0.043269 0.056980
0 0.572516 0.099715 0.016026 0.103989
0 0.390224 0.957265 0.026442 0.078348
0 0.328926 0.891026 0.033654 0.096866
0 0.276843 0.905983 0.052885 0.066952
0 0.578526 0.399573 0.031250 0.096866
0 0.607772 0.395299 0.028846 0.062678
0 0.632612 0.314103 0.044872 0.056980
0 0.606971 0.215812 0.022436 0.105413
0 0.606971 0.133903 0.033654 0.035613
0 0.532853 0.185897 0.052083 0.068376
0 0.337740 0.565527 0.041667 0.049858
0 0.668269 0.445157 0.034455 0.099715
0 0.701923 0.452991 0.015224 0.092593
0 0.714343 0.384615 0.016026 0.095442
0 0.723958 0.373932 0.024038 0.091168
0 0.747596 0.362536 0.029647 0.096866
0 0.672676 0.207977 0.044872 0.058405
0 0.697115 0.222934 0.037660 0.096866
0 0.697917 0.115385 0.031250 0.095442
0 0.660256 0.064103 0.037660 0.078348
0 0.629006 0.029202 0.023237 0.056980
0 0.739183 0.027066 0.040064 0.052707
0 0.780849 0.043447 0.052885 0.079772
0 0.758413 0.108974 0.044872 0.056980
0 0.789263 0.103276 0.037660 0.074074
0 0.833734 0.111823 0.060897 0.054131
0 0.809696 0.172365 0.033654 0.089744
0 0.798878 0.249288 0.037660 0.101140
0 0.834135 0.301994 0.026442 0.072650
0 0.855769 0.316952 0.045673 0.048433
0 0.892228 0.348291 0.048077 0.056980
0 0.946314 0.378205 0.060096 0.062678
0 0.902644 0.291311 0.030449 0.085470
0 0.880208 0.183048 0.028846 0.065527
0 0.966747 0.200855 0.057692 0.032764
0 0.851362 0.139601 0.059295 0.066952
0 0.895833 0.049858 0.045673 0.049858
0 0.868990 0.012108 0.051282 0.022792
0 0.846554 0.047721 0.033654 0.042735
0 0.901442 0.089031 0.023237 0.062678
0 0.770433 0.412393 0.052885 0.031339
0 0.788462 0.462251 0.036058 0.076923
0 0.842548 0.565527 0.076923 0.115385
0 0.933494 0.571937 0.013622 0.096866
0 0.967949 0.636752 0.037660 0.058405
0 0.986318 0.599887 0.026322 0.110031
0 0.939904 0.690883 0.055288 0.038462
0 0.897035 0.700855 0.038462 0.084046
0 0.978766 0.748575 0.040064 0.071225
0 0.950721 0.780627 0.038462 0.047009
0 0.978365 0.925926 0.040865 0.041311
0 0.966346 0.945157 0.031250 0.062678
0 0.984716 0.978050 0.029527 0.037298
0 0.875000 0.960114 0.034455 0.058405
0 0.829327 0.954416 0.024840 0.086895
0 0.797817 0.986360 0.033373 0.025427
0 0.864183 0.772080 0.032051 0.081197
0 0.828526 0.740741 0.036058 0.118234
0 0.828526 0.808405 0.047276 0.119658
0 0.703526 0.742165 0.060096 0.044160
0 0.696715 0.794160 0.048077 0.079772
0 0.752804 0.660969 0.046474 0.058405
0 0.742388 0.614672 0.056090 0.042735
0 0.767628 0.581197 0.039263 0.069801
0 0.719151 0.524217 0.056090 0.035613
0 0.633814 0.621795 0.040865 0.054131
0 0.627003 0.660256 0.057692 0.068376
0 0.617788 0.726496 0.037660 0.066952
0 0.444712 0.950855 0.060096 0.031339
0 0.568910 0.301994 0.047276 0.069801
0 0.806490 0.643875 0.046474 0.041311
0 0.299679 0.727208 0.040865 0.065527
0 0.234576 0.963568 0.034056 0.071011
0 0.141426 0.967949 0.025641 0.048433
0 0.703926 0.952279 0.065705 0.085470
0 0.941106 0.313390 0.032051 0.047009
