0 0.193159 0.167727 0.024859 0.046565
0 0.561810 0.749620 0.017370 0.030722
0 0.892888 0.573412 0.022234 0.057935
0 0.910750 0.741977 0.034000 0.043213
0 0.573224 0.113685 0.021448 0.049593
0 0.503195 0.581903 0.030349 0.021213
0 0.685859 0.533612 0.033533 0.025368
0 0.832933 0.623932 0.012821 0.052707
0 0.780849 0.809117 0.030449 0.044160
0 0.393029 0.584046 0.019231 0.064103
0 0.937901 0.108262 0.036859 0.069801
0 0.338942 0.354701 0.036058 0.055556
0 0.560897 0.688034 0.015224 0.047009
0 0.541266 0.668091 0.024038 0.047009
0 0.973558 0.717236 0.016827 0.079772
0 0.978365 0.567664 0.026442 0.091168
