0 0.842361 0.269802 0.034722 0.039604
0 0.786111 0.056931 0.047222 0.064356
0 0.718750 0.549505 0.031944 0.039604
0 0.963889 0.924505 0.016667 0.071782
0 0.229861 0.581683 0.020833 0.054455
0 0.670833 0.627475 0.033333 0.032178
0 0.142361 0.919554 0.029167 0.066832
0 0.114583 0.086634 0.029167 0.103960
0 0.167361 0.529703 0.031944 0.049505
0 0.082639 0.685644 0.051389 0.044554
0 0.403472 0.445545 0.054167 0.094059
0 0.611111 0.522277 0.036111 0.054455
0 0.498611 0.418317 0.038889 0.064356
0 0.779861 0.969059 0.034722 0.051980
0 0.873611 0.955446 0.044444 0.074257
