0 0.224265 0.474609 0.020588 0.035156
0 0.680882 0.905273 0.022059 0.041016
0 0.521324 0.639648 0.041176 0.033203
0 0.812500 0.658691 0.023529 0.022461
0 0.862868 0.914062 0.018382 0.037109
0 0.555147 0.842773 0.016176 0.041016
0 0.085294 0.912109 0.016176 0.039062
0 0.915074 0.839355 0.028676 0.030273
0 0.417647 0.632812 0.030882 0.039062
0 0.208824 0.077148 0.036765 0.037109
0 0.531985 0.901855 0.019853 0.040039
0 0.027574 0.066406 0.053676 0.039062
0 0.591912 0.879395 0.030882 0.030273
0 0.417279 0.410156 0.038971 0.041016
0 0.247059 0.016602 0.027941 0.035156
0 0.519485 0.252441 0.030147 0.028320
0 0.451471 0.987305 0.023529 0.025391
