0 0.787868 0.641113 0.033088 0.036133
0 0.820221 0.580566 0.028676 0.026367
0 0.136029 0.743652 0.020588 0.034180
0 0.721324 0.272949 0.027941 0.045898
0 0.925000 0.853516 0.022059 0.039062
0 0.723162 0.268066 0.028676 0.043945
0 0.421691 0.901855 0.033088 0.024414
0 0.718382 0.316895 0.023529 0.036133
0 0.931250 0.561523 0.027206 0.037109
0 0.487500 0.302734 0.027941 0.029297
0 0.575735 0.712891 0.025000 0.021484
0 0.091544 0.388184 0.046324 0.026367
0 0.803676 0.240234 0.025000 0.035156
0 0.834191 0.978516 0.028676 0.037109
0 0.546324 0.080566 0.036765 0.024414
0 0.680515 0.670898 0.028676 0.025391
0 0.680147 0.712891 0.027941 0.027344
0 0.704412 0.785156 0.041176 0.025391
0 0.086765 0.570312 0.027941 0.048828
