0 0.887760 0.688889 0.049479 0.040741
0 0.201302 0.804630 0.045312 0.059259
0 0.168750 0.023611 0.044792 0.047222
0 0.233854 0.812963 0.036458 0.068519
0 0.985156 0.535185 0.029687 0.051852
0 0.761979 0.269444 0.017708 0.068519
0 0.486458 0.511111 0.033333 0.057407
0 0.563802 0.209722 0.023438 0.069444
0 0.713281 0.584722 0.043229 0.045370
0 0.671875 0.795833 0.043750 0.039815
0 0.527083 0.219907 0.047917 0.045370
0 0.495052 0.493981 0.020313 0.067593
0 0.508333 0.491204 0.022917 0.075000
