0 0.270588 0.342773 0.016176 0.029297
0 0.769485 0.349609 0.028676 0.042969
0 0.834191 0.988770 0.025735 0.022461
0 0.162132 0.148438 0.025735 0.027344
0 0.858088 0.613770 0.023529 0.051758
0 0.177574 0.981445 0.022794 0.025391
0 0.162132 0.397949 0.024265 0.030273
0 0.068015 0.608398 0.021324 0.033203
0 0.414706 0.188477 0.026471 0.029297
0 0.766176 0.172852 0.022059 0.039062
0 0.263603 0.685059 0.056618 0.051758
0 0.195956 0.539062 0.021324 0.035156
0 0.880515 0.899902 0.030147 0.036133
