0 0.478388 0.294731 0.049484 0.061685
0 0.417414 0.836583 0.018161 0.093537
0 0.567492 0.834463 0.021443 0.052259
0 0.554794 0.731921 0.017922 0.091620
0 0.653940 0.825681 0.040172 0.080991
0 0.699578 0.775093 0.039781 0.048333
0 0.673732 0.620509 0.040172 0.039167
0 0.606068 0.378250 0.024635 0.063907
0 0.014824 0.071937 0.025641 0.065527
0 0.042468 0.111111 0.023237 0.075499
0 0.032853 0.190171 0.037660 0.096866
0 0.016226 0.337785 0.032452 0.067308
0 0.010016 0.391738 0.019231 0.064103
0 0.019231 0.515670 0.034455 0.044160
0 0.046875 0.522792 0.022436 0.106838
0 0.054888 0.665954 0.019231 0.062678
0 0.014423 0.719373 0.021635 0.098291
0 0.042067 0.737179 0.014423 0.076923
0 0.089744 0.730769 0.047276 0.064103
0 0.088942 0.777066 0.020032 0.082621
0 0.022436 0.900997 0.039263 0.025641
0 0.116987 0.386752 0.063301 0.034188
0 0.104567 0.484330 0.040064 0.055556
0 0.126603 0.440883 0.029647 0.059829
0 0.139423 0.668091 0.040865 0.055556
0 0.148638 0.764957 0.083333 0.044160
0 0.203926 0.763533 0.025641 0.109687
0 0.132612 0.970085 0.033654 0.038462
0 0.231971 0.956553 0.033654 0.079772
0 0.278846 0.899573 0.050481 0.062678
0 0.335337 0.890313 0.028846 0.089744
0 0.272229 0.987785 0.043657 0.022578
0 0.261218 0.718661 0.018429 0.133903
0 0.282452 0.737892 0.033654 0.086895
0 0.311298 0.737179 0.036859 0.065527
0 0.344551 0.752137 0.034455 0.081197
0 0.362179 0.767806 0.029647 0.084046
0 0.267228 0.627493 0.048077 0.028490
0 0.161058 0.633903 0.068109 0.101140
0 0.235978 0.477208 0.051282 0.052707
0 0.261218 0.544872 0.042468 0.034188
0 0.213141 0.422365 0.050481 0.062678
0 0.251603 0.401709 0.020032 0.103989
0 0.203526 0.232906 0.028045 0.065527
0 0.151442 0.187322 0.028045 0.125356
0 0.129407 0.147436 0.019231 0.076923
0 0.125000 0.076211 0.052083 0.034188
0 0.062901 0.026353 0.051282 0.051282
0 0.152644 0.012821 0.028846 0.015670
0 0.209936 0.113248 0.037660 0.094017
0 0.280849 0.064103 0.035256 0.069801
0 0.306490 0.091880 0.016026 0.085470
0 0.248397 0.191595 0.052083 0.034188
0 0.291266 0.254986 0.027244 0.092593
0 0.369391 0.237892 0.050481 0.032764
0 0.389824 0.130342 0.036859 0.056980
0 0.377804 0.016382 0.035256 0.028490
0 0.356571 0.378205 0.050481 0.082621
0 0.381811 0.453704 0.041667 0.042735
0 0.398237 0.606838 0.037660 0.058405
0 0.334936 0.559829 0.032853 0.038462
0 0.391827 0.975071 0.032853 0.045584
0 0.444712 0.953704 0.069712 0.028490
0 0.473558 0.575499 0.026442 0.084046
0 0.461939 0.502849 0.024038 0.058405
0 0.497997 0.425926 0.046474 0.052707
0 0.537260 0.441595 0.033654 0.058405
0 0.544071 0.464387 0.042468 0.064103
0 0.572917 0.611823 0.047276 0.065527
0 0.606971 0.648860 0.062500 0.079772
0 0.632612 0.619658 0.032051 0.058405
0 0.628606 0.712963 0.048077 0.059829
0 0.641319 0.979950 0.038248 0.038248
0 0.685897 0.951567 0.026442 0.092593
0 0.716346 0.919516 0.053686 0.065527
0 0.802484 0.966524 0.014423 0.062678
0 0.830969 0.965705 0.024760 0.066738
0 0.871795 0.956553 0.044071 0.062678
0 0.980308 0.949751 0.038341 0.091811
0 0.958333 0.774217 0.050481 0.034188
0 0.977564 0.772792 0.042468 0.062678
0 0.931490 0.684473 0.036859 0.039886
0 0.903045 0.724359 0.036058 0.048433
0 0.822115 0.727208 0.031250 0.108262
0 0.833333 0.798433 0.053686 0.139601
0 0.865385 0.750000 0.028045 0.105413
0 0.934696 0.589744 0.022436 0.106838
0 0.976763 0.633903 0.037660 0.069801
0 0.988782 0.576211 0.018429 0.056980
0 0.840545 0.545584 0.061699 0.075499
0 0.862179 0.608262 0.026442 0.044160
0 0.808494 0.643162 0.039263 0.045584
0 0.748397 0.713675 0.044071 0.055556
0 0.707131 0.736467 0.046474 0.049858
0 0.748397 0.663818 0.039263 0.041311
0 0.743990 0.608262 0.046474 0.069801
0 0.758013 0.579772 0.029647 0.103989
0 0.725160 0.503561 0.050481 0.062678
0 0.630208 0.510684 0.044872 0.091168
0 0.677885 0.467949 0.016827 0.076923
0 0.658654 0.426638 0.023237 0.068376
0 0.631010 0.312678 0.041667 0.056980
0 0.455529 0.137464 0.027244 0.068376
0 0.535256 0.177350 0.042468 0.056980
0 0.570513 0.252849 0.077724 0.051282
0 0.530849 0.297721 0.041667 0.121083
0 0.516827 0.381766 0.031250 0.041311
0 0.577324 0.405983 0.025641 0.078348
0 0.574920 0.138177 0.020833 0.086895
0 0.597756 0.174501 0.029647 0.059829
0 0.614583 0.141738 0.034455 0.054131
0 0.652244 0.175214 0.032853 0.069801
0 0.677484 0.029915 0.043269 0.055556
0 0.655048 0.071937 0.035256 0.074074
0 0.742388 0.028846 0.040064 0.057692
0 0.703526 0.110399 0.029647 0.079772
0 0.711138 0.153134 0.036859 0.062678
0 0.701522 0.247151 0.046474 0.079772
0 0.741587 0.271368 0.041667 0.065527
0 0.664263 0.230769 0.044071 0.038462
0 0.706330 0.393162 0.020833 0.155271
0 0.721955 0.367521 0.023237 0.075499
0 0.741186 0.365385 0.040865 0.105413
0 0.771234 0.403846 0.041667 0.051282
0 0.798478 0.430912 0.048077 0.071225
0 0.796074 0.253561 0.036859 0.081197
0 0.803285 0.184473 0.040064 0.068376
0 0.800080 0.168803 0.059295 0.091168
0 0.765224 0.107550 0.056891 0.048433
0 0.789263 0.051282 0.037660 0.064103
0 0.842949 0.060541 0.029647 0.065527
0 0.868590 0.014957 0.055288 0.025641
0 0.892628 0.059117 0.063301 0.045584
0 0.872997 0.091880 0.040064 0.039886
0 0.842548 0.134615 0.028846 0.074074
0 0.877804 0.131766 0.041667 0.065527
0 0.884615 0.189459 0.028045 0.064103
0 0.963942 0.206553 0.048878 0.035613
0 0.899439 0.262821 0.028846 0.065527
0 0.932692 0.314815 0.045673 0.041311
0 0.830929 0.303419 0.032853 0.072650
0 0.860577 0.319088 0.048878 0.047009
0 0.901442 0.353276 0.050481 0.055556
0 0.952724 0.399573 0.045673 0.065527
