0 0.951838 0.660645 0.021324 0.038086
0 0.521691 0.792480 0.036029 0.022461
0 0.230882 0.875488 0.014706 0.034180
0 0.006250 0.816895 0.012500 0.026367
0 0.189706 0.013184 0.045588 0.024414
0 0.449265 0.643066 0.030882 0.030273
0 0.031618 0.082520 0.023529 0.051758
0 0.519118 0.869141 0.027941 0.052734
0 0.632353 0.870605 0.039706 0.026367
0 0.236765 0.549805 0.020588 0.041016
0 0.403676 0.564941 0.027941 0.040039
0 0.852574 0.918945 0.027206 0.031250
0 0.203676 0.945312 0.017647 0.037109
0 0.479779 0.322266 0.024265 0.039062
0 0.410662 0.417480 0.025735 0.040039
0 0.928676 0.837402 0.045588 0.030273
