0 0.657031 0.941667 0.017188 0.074074
0 0.466927 0.980093 0.017188 0.036111
0 0.802083 0.582407 0.027083 0.038889
0 0.033333 0.492593 0.039583 0.029630
0 0.041927 0.055093 0.025521 0.054630
0 0.137240 0.593981 0.031771 0.062037
0 0.163281 0.656944 0.042188 0.073148
0 0.433854 0.712500 0.023958 0.045370
0 0.961979 0.207407 0.026042 0.050000
0 0.144271 0.298148 0.031250 0.046296
0 0.128906 0.651852 0.043229 0.055556
0 0.138281 0.549074 0.036979 0.040741
0 0.983854 0.180093 0.029167 0.063889
0 0.747656 0.700463 0.040104 0.034259
0 0.839063 0.618519 0.025000 0.029630
0 0.090104 0.712500 0.044792 0.032407
0 0.871354 0.387500 0.027083 0.030556
0 0.258073 0.387037 0.034896 0.068519
0 0.432031 0.323611 0.041146 0.041667
0 0.871354 0.821296 0.029167 0.066667
0 0.675781 0.356481 0.043229 0.064815
0 0.750781 0.648611 0.032813 0.065741
0 0.683854 0.028704 0.023958 0.051852
0 0.497135 0.619444 0.026562 0.042593
0 0.696875 0.117593 0.022917 0.037037
0 0.224479 0.782407 0.040625 0.037037
0 0.750781 0.942130 0.035937 0.099074
0 0.236458 0.330556 0.048958 0.046296
0 0.264323 0.068056 0.031771 0.050926
0 0.419531 0.761574 0.024479 0.084259
0 0.871354 0.194907 0.023958 0.028704
0 0.911979 0.089352 0.017708 0.056481
0 0.868229 0.043519 0.023958 0.050000
0 0.472656 0.292593 0.044271 0.057407
0 0.137500 0.768056 0.036458 0.034259
