0 0.757353 0.360352 0.036765 0.052734
0 0.355882 0.888184 0.041176 0.049805
0 0.007353 0.255859 0.014706 0.046875
0 0.424632 0.249023 0.034559 0.074219
0 0.401471 0.707520 0.048529 0.045898
0 0.308824 0.745605 0.052941 0.086914
0 0.572426 0.412109 0.028676 0.048828
0 0.037868 0.399902 0.047794 0.063477
0 0.502206 0.438477 0.035294 0.041016
0 0.456250 0.177734 0.065441 0.080078
0 0.366176 0.964355 0.048529 0.057617
0 0.165441 0.960449 0.051471 0.047852
0 0.464338 0.170898 0.047794 0.062500
0 0.983456 0.272949 0.033088 0.071289
0 0.380882 0.295898 0.050000 0.068359
0 0.395956 0.235352 0.072794 0.089844
0 0.650000 0.469727 0.063235 0.064453
0 0.936765 0.395020 0.048529 0.077148
0 0.926471 0.458984 0.045588 0.089844
0 0.633824 0.537598 0.029412 0.061523
0 0.406618 0.774902 0.055882 0.079102
0 0.406250 0.314941 0.031618 0.075195
0 0.958824 0.337891 0.047059 0.070312
0 0.322426 0.681641 0.041912 0.085938
0 0.613603 0.437988 0.062500 0.034180
0 0.781250 0.859863 0.040441 0.049805
0 0.884559 0.551270 0.063235 0.083008
0 0.544853 0.778809 0.063235 0.043945
0 0.058088 0.441895 0.048529 0.075195
0 0.167279 0.346191 0.036029 0.028320
0 0.461765 0.795898 0.055882 0.046875
0 0.179779 0.063477 0.041912 0.128906
0 0.491544 0.835938 0.075735 0.052734
0 0.820588 0.358398 0.063235 0.044922
0 0.168015 0.908691 0.047794 0.077148
0 0.378676 0.646484 0.048529 0.089844
0 0.953309 0.445312 0.072794 0.083984
0 0.079044 0.856445 0.031618 0.052734
0 0.061765 0.906738 0.038235 0.061523
0 0.295588 0.801270 0.025000 0.075195
0 0.268382 0.837891 0.017647 0.058594
0 0.258456 0.893555 0.025735 0.039062
0 0.274632 0.907227 0.041912 0.087891
0 0.316912 0.891113 0.027941 0.043945
0 0.344485 0.825195 0.081618 0.070312
