0 0.504792 0.840120 0.040833 0.095056
0 0.451867 0.618917 0.032901 0.097093
0 0.392917 0.618574 0.035833 0.074185
0 0.721464 0.428495 0.042927 0.095880
0 0.412125 0.824681 0.040917 0.071583
0 0.451427 0.398185 0.044521 0.038963
0 0.941932 0.262741 0.036990 0.056963
0 0.084206 0.271824 0.057995 0.062167
0 0.189401 0.174208 0.042344 0.087306
0 0.077435 0.220769 0.052786 0.039685
0 0.616096 0.641578 0.044643 0.052910
0 0.677790 0.509854 0.045263 0.047399
0 0.230122 0.928175 0.027902 0.059524
0 0.345890 0.479706 0.029966 0.064688
