0 0.434647 0.412810 0.033999 0.036558
0 0.249048 0.011886 0.023096 0.023771
0 0.179396 0.010634 0.027910 0.021267
0 0.521463 0.845703 0.028221 0.031250
0 0.518239 0.806641 0.032066 0.046875
0 0.947474 0.828634 0.021418 0.059612
0 0.201029 0.961357 0.025588 0.034043
0 0.402438 0.543667 0.023993 0.030693
0 0.344040 0.367907 0.033282 0.022615
0 0.728328 0.960526 0.046440 0.019531
0 0.757353 0.696854 0.019350 0.057566
0 0.013158 0.074938 0.018576 0.037007
0 0.443498 0.646484 0.038700 0.051398
0 0.098297 0.934827 0.043344 0.035979
