0 0.803862 0.593514 0.045224 0.024065
0 0.752008 0.620519 0.066516 0.037333
0 0.736883 0.555060 0.012307 0.065676
0 0.752177 0.713662 0.027271 0.031028
0 0.561445 0.482977 0.023932 0.060398
0 0.422229 0.480856 0.031958 0.052454
0 0.441737 0.755514 0.012641 0.085102
0 0.691185 0.902708 0.021953 0.059120
0 0.956750 0.445921 0.020792 0.045546
0 0.805966 0.261032 0.020266 0.046139
0 0.166565 0.421495 0.027922 0.042991
0 0.191349 0.526944 0.028531 0.027963
0 0.328125 0.210826 0.022436 0.081197
0 0.338542 0.111111 0.030449 0.061254
0 0.322115 0.777066 0.020032 0.071225
0 0.354167 0.715812 0.018429 0.056980
0 0.363782 0.674501 0.010417 0.074074
0 0.475561 0.872507 0.035256 0.062678
0 0.762821 0.883191 0.026442 0.066952
0 0.975962 0.852564 0.013622 0.062678
0 0.224359 0.207265 0.034455 0.082621
0 0.413061 0.061966 0.028846 0.042735
0 0.038061 0.138177 0.025641 0.092593
0 0.627404 0.935185 0.026442 0.065527
0 0.375000 0.155271 0.012019 0.041311
0 0.579728 0.216524 0.030449 0.052707
