0 0.769485 0.947266 0.019853 0.031250
0 0.031618 0.035156 0.027941 0.025391
0 0.148162 0.234863 0.022794 0.053711
0 0.298162 0.016113 0.015441 0.034180
0 0.972426 0.543945 0.019853 0.037109
0 0.417647 0.918945 0.023529 0.037109
0 0.373529 0.087891 0.020588 0.025391
0 0.699632 0.599609 0.019853 0.042969
0 0.906618 0.848145 0.030882 0.024414
0 0.448897 0.759766 0.018382 0.048828
0 0.083088 0.818359 0.027941 0.033203
0 0.572794 0.566895 0.041176 0.034180
0 0.226838 0.040527 0.018382 0.032227
0 0.783088 0.375977 0.025000 0.044922
0 0.934559 0.939941 0.020588 0.059570
0 0.264706 0.059570 0.027941 0.035156
