0 0.408333 0.295792 0.025000 0.051980
0 0.207639 0.314356 0.029167 0.054455
0 0.767361 0.523515 0.026389 0.032178
0 0.536111 0.644802 0.030556 0.042079
0 0.336111 0.939356 0.041667 0.037129
0 0.214583 0.257426 0.034722 0.034653
0 0.652083 0.456683 0.023611 0.042079
0 0.367361 0.261139 0.023611 0.061881
0 0.820833 0.345297 0.044444 0.037129
0 0.806250 0.628713 0.031944 0.044554
0 0.884722 0.879950 0.022222 0.051980
0 0.854861 0.652228 0.029167 0.042079
0 0.967361 0.477723 0.031944 0.034653
0 0.672222 0.564356 0.025000 0.084158
0 0.109028 0.542079 0.026389 0.034653
0 0.195139 0.936881 0.026389 0.061881
0 0.573611 0.747525 0.025000 0.064356
0 0.597222 0.855198 0.030556 0.066832
0 0.723611 0.495050 0.019444 0.049505
0 0.031250 0.778465 0.031944 0.061881
0 0.184722 0.377475 0.027778 0.051980
0 0.445833 0.251238 0.033333 0.032178
0 0.464583 0.512376 0.023611 0.054455
0 0.474306 0.048267 0.026389 0.061881
0 0.772222 0.476485 0.016667 0.056931
0 0.134722 0.230198 0.044444 0.034653
0 0.775000 0.652228 0.019444 0.071782
0 0.409722 0.472772 0.033333 0.064356
0 0.117361 0.425743 0.040278 0.044554
0 0.951389 0.200495 0.022222 0.034653
