0 0.585677 0.211111 0.031771 0.040741
0 0.945573 0.371296 0.016146 0.050000
0 0.809115 0.520833 0.016146 0.043519
0 0.735677 0.572222 0.020313 0.040741
0 0.573438 0.681019 0.013542 0.041667
0 0.506250 0.678704 0.018750 0.029630
0 0.393490 0.642593 0.022396 0.053704
0 0.585156 0.906481 0.015104 0.064815
0 0.570052 0.416204 0.022396 0.034259
0 0.368750 0.419907 0.016667 0.036111
0 0.376563 0.867593 0.026042 0.027778
0 0.147135 0.949074 0.034896 0.057407
0 0.170833 0.939352 0.033333 0.078704
0 0.340365 0.556481 0.019271 0.068519
0 0.520052 0.407407 0.015104 0.038889
0 0.697135 0.203241 0.017188 0.056481
0 0.577083 0.865741 0.028125 0.027778
0 0.655729 0.262500 0.014583 0.058333
0 0.600000 0.383333 0.023958 0.027778
0 0.307031 0.551389 0.024479 0.032407
0 0.544531 0.977315 0.014063 0.037963
0 0.206510 0.345370 0.032813 0.062963
0 0.226562 0.165741 0.028125 0.037037
0 0.257031 0.772685 0.035937 0.056481
0 0.554427 0.692130 0.026562 0.047222
0 0.382031 0.769907 0.018229 0.039815
0 0.753906 0.198611 0.024479 0.034259
0 0.498958 0.622685 0.023958 0.032407
0 0.440885 0.672685 0.015104 0.045370
0 0.960156 0.646296 0.036979 0.042593
0 0.278125 0.741204 0.015625 0.062037
0 0.790885 0.417130 0.031771 0.025000
0 0.615104 0.755093 0.025000 0.028704
0 0.469010 0.717593 0.020313 0.046296
0 0.954948 0.518519 0.019271 0.055556
0 0.506510 0.205093 0.034896 0.052778
0 0.788281 0.806019 0.024479 0.054630
0 0.670052 0.369444 0.029687 0.033333
0 0.735938 0.874074 0.035417 0.044444
0 0.558854 0.080556 0.038542 0.051852
0 0.343750 0.264352 0.025000 0.041667
0 0.579427 0.186111 0.022396 0.074074
