0 0.316213 0.505166 0.025074 0.033770
0 0.136540 0.726499 0.042199 0.044795
0 0.855397 0.523647 0.018147 0.059014
0 0.586026 0.538491 0.044110 0.026201
0 0.936882 0.948696 0.016412 0.053643
0 0.148268 0.050552 0.037713 0.019072
0 0.338533 0.105488 0.032949 0.017617
0 0.420632 0.199688 0.028029 0.026328
0 0.085890 0.820972 0.021779 0.022803
0 0.430511 0.829468 0.013963 0.039795
0 0.527309 0.690835 0.031088 0.024248
0 0.700537 0.926812 0.024603 0.025498
0 0.698290 0.982344 0.043640 0.031094
