0 0.625260 0.017593 0.018229 0.037037
0 0.096875 0.477315 0.022917 0.058333
0 0.494531 0.529167 0.055729 0.062037
0 0.360677 0.332407 0.029687 0.050000
0 0.497656 0.562963 0.033854 0.079630
0 0.989583 0.518056 0.020833 0.108333
0 0.555729 0.203241 0.036458 0.076852
0 0.519531 0.213889 0.030729 0.044444
0 0.655990 0.799074 0.041146 0.040741
0 0.707031 0.586111 0.036979 0.042593
0 0.829427 0.755093 0.039062 0.050926
0 0.212500 0.803704 0.034375 0.050000
0 0.777604 0.295370 0.028125 0.068519
0 0.496354 0.487037 0.028125 0.061111
