0 0.473958 0.189815 0.031250 0.050000
0 0.008333 0.737500 0.016667 0.069444
0 0.547656 0.686111 0.017188 0.046296
0 0.030208 0.588426 0.045833 0.032407
0 0.458854 0.216204 0.023958 0.071296
0 0.484635 0.581481 0.017188 0.057407
0 0.583854 0.920370 0.014583 0.050000
0 0.369010 0.705556 0.028646 0.066667
0 0.873177 0.425000 0.018229 0.057407
0 0.692708 0.786574 0.022917 0.056481
0 0.860938 0.680093 0.025000 0.056481
0 0.418229 0.380556 0.019792 0.053704
0 0.303906 0.795833 0.030729 0.036111
0 0.129427 0.740278 0.040104 0.036111
0 0.765625 0.812500 0.031250 0.034259
0 0.698438 0.295833 0.019792 0.076852
0 0.224479 0.869444 0.020833 0.068519
0 0.738802 0.579630 0.027604 0.035185
0 0.851823 0.946296 0.044271 0.035185
0 0.961979 0.363426 0.027083 0.073148
0 0.671354 0.626852 0.035417 0.040741
0 0.888802 0.758333 0.029687 0.085185
0 0.471354 0.682870 0.029167 0.060185
0 0.865104 0.761574 0.017708 0.071296
