0 0.936852 0.303028 0.043495 0.069019
0 0.560841 0.447046 0.036266 0.090389
0 0.879953 0.924241 0.031781 0.128111
0 0.316349 0.858171 0.031656 0.118194
0 0.419146 0.131148 0.048708 0.056741
0 0.396523 0.756032 0.019089 0.073176
0 0.548883 0.476588 0.036307 0.056880
0 0.375466 0.388755 0.031141 0.042324
0 0.973461 0.855556 0.035464 0.046296
0 0.501492 0.866139 0.057151 0.048944
0 0.321577 0.106966 0.022321 0.081570
0 0.986570 0.797002 0.024182 0.099206
0 0.830010 0.047994 0.037202 0.076058
0 0.054340 0.546230 0.081845 0.045194
