0 0.514656 0.745144 0.056396 0.084731
0 0.081871 0.072044 0.029367 0.105199
0 0.323719 0.196171 0.042229 0.103454
0 0.346562 0.197287 0.022292 0.048278
0 0.528844 0.336065 0.031646 0.090648
0 0.501328 0.306824 0.027656 0.072907
0 0.939240 0.279023 0.051396 0.041380
0 0.966487 0.299690 0.035057 0.051231
0 0.952680 0.259875 0.048068 0.051231
0 0.751865 0.353921 0.034979 0.022657
0 0.458388 0.900972 0.046984 0.063056
0 0.501909 0.978667 0.052776 0.029556
0 0.427839 0.962407 0.049427 0.074815
0 0.194016 0.845889 0.061990 0.032519
0 0.170646 0.853875 0.012125 0.113306
0 0.185742 0.388324 0.070443 0.058130
0 0.196570 0.444986 0.049391 0.064046
0 0.030048 0.083333 0.033654 0.079772
0 0.578926 0.212963 0.035256 0.085470
0 0.864984 0.220085 0.035256 0.116809
0 0.860176 0.336895 0.040064 0.116809
0 0.657051 0.203704 0.045673 0.064103
0 0.223157 0.938746 0.032051 0.072650
