0 0.550516 0.454380 0.022906 0.066167
0 0.481529 0.548991 0.031807 0.066500
0 0.274263 0.551495 0.054776 0.025213
0 0.219451 0.429972 0.049318 0.028463
0 0.249294 0.611532 0.052755 0.048991
0 0.263484 0.739282 0.033219 0.098935
0 0.351190 0.664491 0.036755 0.032685
0 0.418320 0.818815 0.016849 0.080222
0 0.307484 0.053815 0.028510 0.070593
0 0.208326 0.229083 0.034359 0.047056
0 0.220490 0.120792 0.029521 0.069361
0 0.382693 0.238407 0.044552 0.049037
0 0.381875 0.135398 0.032500 0.046722
0 0.599573 0.172495 0.027271 0.076472
0 0.624385 0.313255 0.040438 0.056139
0 0.739711 0.597532 0.027339 0.078398
0 0.656195 0.820213 0.037391 0.094130
0 0.015224 0.061254 0.026442 0.072650
0 0.041667 0.113248 0.028045 0.091168
0 0.052484 0.179487 0.041667 0.058405
0 0.163061 0.040598 0.044872 0.045584
0 0.140625 0.101140 0.022436 0.081197
0 0.135016 0.183048 0.025641 0.096866
0 0.124199 0.269943 0.034455 0.076923
0 0.105369 0.366809 0.048077 0.048433
0 0.010817 0.422365 0.017628 0.079772
0 0.021434 0.512063 0.042869 0.054040
0 0.057692 0.616809 0.018429 0.066952
0 0.052083 0.666667 0.050481 0.044160
0 0.009415 0.715151 0.018830 0.081298
0 0.027043 0.737126 0.054087 0.091062
0 0.061298 0.740741 0.043269 0.072650
0 0.090545 0.753561 0.029647 0.141026
0 0.007412 0.903259 0.014824 0.067201
0 0.026843 0.922365 0.027244 0.079772
0 0.110577 0.932336 0.040865 0.068376
0 0.225962 0.933761 0.028045 0.079772
0 0.227707 0.984224 0.029933 0.029701
0 0.280849 0.914530 0.040064 0.086895
0 0.337340 0.870370 0.026442 0.095442
0 0.379082 0.967842 0.043920 0.062464
0 0.439103 0.950855 0.063301 0.042735
0 0.334535 0.761396 0.028846 0.091168
0 0.365385 0.752137 0.032853 0.066952
0 0.285256 0.720085 0.024840 0.059829
0 0.310497 0.711538 0.033654 0.071225
0 0.328926 0.567664 0.035256 0.068376
0 0.200321 0.767806 0.026442 0.109687
0 0.151442 0.758547 0.063301 0.056980
0 0.114583 0.633191 0.044071 0.054131
0 0.165465 0.617521 0.040064 0.048433
0 0.178285 0.668803 0.043269 0.071225
0 0.233974 0.482906 0.063301 0.069801
0 0.094952 0.486467 0.048077 0.051282
0 0.127804 0.443020 0.030449 0.061254
0 0.256811 0.336895 0.030449 0.091168
0 0.290465 0.266382 0.035256 0.092593
0 0.278446 0.081909 0.032051 0.088319
0 0.454327 0.134615 0.072917 0.048433
0 0.367788 0.420228 0.056891 0.081197
0 0.411458 0.418091 0.019231 0.074074
0 0.408654 0.618234 0.052083 0.072650
0 0.462340 0.487892 0.024840 0.074074
0 0.489183 0.433048 0.038462 0.069801
0 0.530849 0.435185 0.020833 0.071225
0 0.478365 0.271368 0.040865 0.068376
0 0.519231 0.319088 0.063301 0.029915
0 0.534856 0.185185 0.046474 0.066952
0 0.554087 0.255698 0.033654 0.062678
0 0.518429 0.367521 0.037660 0.064103
0 0.576923 0.409544 0.028045 0.091168
0 0.604567 0.371795 0.028846 0.069801
0 0.569311 0.143162 0.020833 0.099715
0 0.620593 0.541311 0.022436 0.061254
0 0.637019 0.486467 0.023237 0.039886
0 0.630208 0.570513 0.028846 0.074074
0 0.629006 0.623932 0.037660 0.041311
0 0.609776 0.645299 0.026442 0.075499
0 0.625801 0.650285 0.029647 0.045584
0 0.628205 0.706553 0.028045 0.055556
0 0.555689 0.736467 0.025641 0.075499
0 0.562901 0.858974 0.032051 0.066952
0 0.636311 0.957158 0.031437 0.083832
0 0.686298 0.955128 0.025641 0.076923
0 0.726763 0.923077 0.050481 0.052707
0 0.710737 0.767806 0.039263 0.044160
0 0.705128 0.742165 0.052083 0.044160
0 0.747997 0.718661 0.054487 0.056980
0 0.750401 0.669516 0.046474 0.047009
0 0.669071 0.615385 0.052083 0.047009
0 0.800881 0.651709 0.046474 0.037037
0 0.823718 0.721510 0.029647 0.099715
0 0.832131 0.816239 0.044872 0.101140
0 0.809751 0.971403 0.028735 0.055342
0 0.831731 0.952991 0.018429 0.075499
0 0.870994 0.963675 0.056891 0.062678
0 0.985917 0.912288 0.027123 0.079562
0 0.979461 0.980662 0.036646 0.036823
0 0.862981 0.769231 0.055288 0.084046
0 0.915465 0.736467 0.038462 0.075499
0 0.954327 0.764957 0.045673 0.047009
0 0.985917 0.768170 0.027123 0.042037
0 0.989123 0.668772 0.020713 0.065464
0 0.973498 0.634665 0.051963 0.039985
0 0.987981 0.602564 0.021635 0.078348
0 0.933894 0.581197 0.022436 0.075499
0 0.856971 0.600427 0.065705 0.039886
0 0.858974 0.571937 0.050481 0.056980
0 0.955529 0.390313 0.040064 0.061254
0 0.907853 0.357550 0.052083 0.072650
0 0.832131 0.369658 0.036859 0.065527
0 0.776442 0.399573 0.053686 0.059829
0 0.749199 0.356838 0.032853 0.082621
0 0.725561 0.358974 0.022436 0.092593
0 0.710337 0.357550 0.025641 0.086895
0 0.706731 0.428775 0.026442 0.072650
0 0.676683 0.469373 0.022436 0.065527
0 0.661458 0.423789 0.012821 0.071225
0 0.722756 0.514245 0.023237 0.066952
0 0.748397 0.554843 0.032853 0.102564
0 0.581330 0.268519 0.036859 0.045584
0 0.602564 0.257835 0.037660 0.058405
0 0.614583 0.145299 0.026442 0.052707
0 0.670673 0.237179 0.045673 0.062678
0 0.717949 0.272080 0.040865 0.075499
0 0.738782 0.263533 0.047276 0.035613
0 0.798878 0.284188 0.028045 0.088319
0 0.807692 0.233618 0.023237 0.069801
0 0.838542 0.314815 0.035256 0.064103
0 0.837740 0.278490 0.022436 0.105413
0 0.895833 0.256410 0.029647 0.078348
0 0.926282 0.309117 0.048878 0.041311
0 0.959535 0.201567 0.057692 0.051282
0 0.995533 0.205775 0.007893 0.039755
0 0.777244 0.169516 0.040865 0.055556
0 0.798878 0.178775 0.037660 0.071225
0 0.652644 0.171652 0.038462 0.051282
0 0.610978 0.032051 0.019231 0.059829
0 0.650641 0.074786 0.024840 0.082621
0 0.698718 0.103989 0.040865 0.095442
0 0.681490 0.042735 0.035256 0.047009
0 0.748397 0.027778 0.023237 0.051282
0 0.762821 0.108974 0.069712 0.059829
0 0.758814 0.060541 0.026442 0.085470
0 0.791667 0.050570 0.044071 0.074074
0 0.835337 0.054131 0.027244 0.061254
0 0.852564 0.134615 0.076122 0.094017
0 0.865385 0.026353 0.032853 0.048433
0 0.899840 0.042023 0.060096 0.042735
