0 0.591927 0.252778 0.026562 0.042593
0 0.986979 0.826852 0.025000 0.050000
0 0.314063 0.848611 0.031250 0.119444
0 0.322656 0.803241 0.033854 0.075000
0 0.870313 0.894444 0.047917 0.075926
0 0.340885 0.840278 0.066146 0.062037
0 0.729948 0.554167 0.038021 0.032407
0 0.065885 0.652778 0.041146 0.074074
0 0.903906 0.589815 0.052604 0.040741
0 0.519010 0.879167 0.039062 0.047222
0 0.425000 0.359722 0.026042 0.106481
0 0.581510 0.505556 0.046354 0.068519
0 0.623958 0.275463 0.022917 0.069444
0 0.835156 0.046296 0.047396 0.048148
0 0.435156 0.136574 0.023438 0.071296
0 0.015104 0.933333 0.030208 0.064815
0 0.938281 0.280093 0.040104 0.073148
0 0.870052 0.929167 0.052604 0.050926
