0 0.740104 0.600463 0.020833 0.045370
0 0.475260 0.861574 0.033854 0.032407
0 0.548177 0.709722 0.017188 0.069444
0 0.870052 0.783796 0.023438 0.065741
0 0.119531 0.917593 0.023438 0.053704
0 0.852604 0.967593 0.036458 0.038889
0 0.674479 0.653241 0.033333 0.049074
0 0.009635 0.770370 0.019271 0.079630
0 0.422135 0.420370 0.024479 0.040741
0 0.377083 0.053241 0.033333 0.052778
0 0.129427 0.763889 0.038021 0.040741
0 0.699479 0.331944 0.016667 0.067593
0 0.692708 0.813889 0.036458 0.051852
0 0.368750 0.736574 0.031250 0.069444
0 0.473438 0.713426 0.031250 0.056481
0 0.968229 0.393056 0.023958 0.076852
0 0.453125 0.029167 0.025000 0.058333
0 0.890104 0.778241 0.031250 0.099074
0 0.775781 0.847685 0.035937 0.037963
0 0.223177 0.900463 0.021354 0.063889
0 0.486979 0.616204 0.025000 0.043519
0 0.874479 0.461574 0.016667 0.065741
0 0.173958 0.048611 0.021875 0.069444
0 0.861979 0.696296 0.027083 0.040741
