0 0.951471 0.668945 0.020588 0.039062
0 0.297059 0.014648 0.030882 0.029297
0 0.286029 0.825684 0.032353 0.034180
0 0.537868 0.695312 0.033088 0.042969
0 0.767647 0.791016 0.017647 0.041016
0 0.547794 0.912109 0.038235 0.031250
0 0.006618 0.833984 0.013235 0.050781
0 0.515074 0.856934 0.043382 0.036133
0 0.516176 0.814941 0.054412 0.045898
0 0.435662 0.631348 0.025735 0.034180
0 0.193382 0.014648 0.026471 0.031250
0 0.387500 0.537109 0.026471 0.054688
0 0.855147 0.912598 0.020588 0.034180
0 0.476838 0.339355 0.022794 0.038086
0 0.421691 0.403809 0.036029 0.051758
0 0.910294 0.842773 0.032353 0.031250
0 0.635662 0.875488 0.033088 0.032227
0 0.203676 0.957520 0.026471 0.043945
0 0.016912 0.084473 0.027941 0.034180
0 0.245956 0.547363 0.037500 0.040039
