0 0.005556 0.110149 0.013889 0.042079
0 0.242361 0.655941 0.054167 0.049505
0 0.823611 0.868812 0.030556 0.054455
0 0.138889 0.936881 0.027778 0.042079
0 0.536111 0.349010 0.033333 0.049505
0 0.518750 0.363861 0.045833 0.074257
0 0.850694 0.810644 0.037500 0.037129
0 0.078472 0.013614 0.026389 0.032178
0 0.212500 0.141089 0.038889 0.039604
0 0.570833 0.357673 0.033333 0.051980
0 0.031250 0.565594 0.040278 0.037129
0 0.170833 0.530941 0.047222 0.056931
0 0.670833 0.627475 0.030556 0.032178
0 0.850000 0.950495 0.022222 0.079208
0 0.833333 0.071782 0.041667 0.054455
0 0.062500 0.136139 0.041667 0.074257
0 0.783333 0.970297 0.030556 0.049505
0 0.478472 0.329208 0.045833 0.084158
