0 0.636029 0.014648 0.014706 0.029297
0 0.027206 0.429688 0.025000 0.021484
0 0.189706 0.978516 0.020588 0.027344
0 0.417279 0.197266 0.040441 0.046875
0 0.020588 0.026855 0.020588 0.028320
0 0.173529 0.679688 0.023529 0.023438
0 0.843750 0.125977 0.022794 0.027344
0 0.070956 0.606934 0.027206 0.036133
0 0.238235 0.691895 0.050000 0.049805
0 0.871691 0.889648 0.022794 0.042969
0 0.010294 0.177734 0.020588 0.035156
0 0.019118 0.582520 0.016176 0.038086
0 0.772794 0.341309 0.027941 0.045898
0 0.155882 0.398438 0.036765 0.033203
0 0.763235 0.168945 0.030882 0.039062
0 0.277574 0.683105 0.019853 0.045898
0 0.195588 0.540527 0.026471 0.030273
0 0.280882 0.339355 0.020588 0.028320
0 0.622794 0.736816 0.025000 0.016602
0 0.291176 0.854980 0.029412 0.020508
0 0.855515 0.611816 0.018382 0.059570
