0 0.590625 0.248148 0.022917 0.044444
0 0.325781 0.858796 0.063021 0.084259
0 0.482031 0.855556 0.021354 0.059259
0 0.016927 0.933796 0.034896 0.034259
0 0.830990 0.048611 0.038021 0.045370
0 0.870833 0.889815 0.030208 0.068519
0 0.867708 0.939815 0.040625 0.062963
0 0.951302 0.288889 0.054688 0.057407
0 0.906510 0.590278 0.047396 0.047222
0 0.798958 0.757407 0.028125 0.050000
0 0.067187 0.646296 0.035417 0.062963
0 0.625781 0.278704 0.024479 0.059259
0 0.435156 0.137500 0.020313 0.071296
0 0.565885 0.475000 0.031771 0.057407
0 0.585156 0.522685 0.046354 0.050926
0 0.424479 0.355556 0.043750 0.083333
0 0.524479 0.881481 0.039583 0.029630
