0 0.834375 0.036574 0.022917 0.056481
0 0.608073 0.221296 0.019271 0.057407
0 0.738802 0.056481 0.021354 0.083333
0 0.986979 0.784259 0.025000 0.057407
0 0.823438 0.856944 0.037500 0.078704
0 0.318229 0.849537 0.052083 0.086111
0 0.508854 0.874074 0.042708 0.037037
0 0.542188 0.016204 0.041667 0.032407
0 0.081510 0.577778 0.056771 0.046296
0 0.931250 0.276389 0.022917 0.065741
0 0.554427 0.482407 0.036979 0.066667
0 0.401302 0.755093 0.032813 0.076852
0 0.867708 0.946759 0.042708 0.076852
0 0.426302 0.125000 0.035937 0.075926
0 0.403906 0.365741 0.050521 0.068519
0 0.569531 0.207407 0.047396 0.061111
0 0.050260 0.514352 0.031771 0.063889
