0 0.428472 0.389851 0.034722 0.042079
0 0.956250 0.497525 0.015278 0.054455
0 0.817361 0.342822 0.045833 0.042079
0 0.178472 0.618812 0.031944 0.039604
0 0.447222 0.252475 0.016667 0.054455
0 0.893750 0.882426 0.020833 0.042079
0 0.334722 0.939356 0.041667 0.032178
0 0.111111 0.574257 0.036111 0.034653
0 0.534722 0.644802 0.030556 0.042079
0 0.015972 0.472772 0.031944 0.044554
0 0.429861 0.254950 0.029167 0.054455
0 0.486806 0.044554 0.026389 0.039604
0 0.681250 0.490099 0.018056 0.064356
0 0.197222 0.923267 0.033333 0.034653
0 0.731250 0.511139 0.026389 0.051980
0 0.463889 0.514851 0.025000 0.054455
0 0.670833 0.576733 0.022222 0.054455
0 0.413194 0.487624 0.023611 0.074257
0 0.362500 0.269802 0.025000 0.059406
0 0.762500 0.506188 0.033333 0.047030
0 0.579861 0.750000 0.034722 0.054455
0 0.838889 0.662129 0.033333 0.051980
0 0.848611 0.761139 0.033333 0.071782
0 0.136111 0.228960 0.047222 0.037129
0 0.631944 0.844059 0.038889 0.054455
0 0.037500 0.767327 0.036111 0.064356
0 0.119444 0.425743 0.041667 0.044554
0 0.951389 0.164604 0.022222 0.027228
