0 0.681985 0.066406 0.056618 0.068359
0 0.785662 0.103516 0.050735 0.041016
0 0.897794 0.745605 0.045588 0.043945
0 0.944118 0.811523 0.045588 0.029297
0 0.845588 0.738770 0.023529 0.067383
0 0.715074 0.097656 0.036029 0.087891
0 0.552206 0.722656 0.075000 0.050781
0 0.468750 0.214355 0.049265 0.100586
0 0.157353 0.412598 0.030882 0.096680
0 0.385294 0.549316 0.057353 0.043945
0 0.614338 0.956055 0.038971 0.070312
0 0.937132 0.403809 0.050735 0.083008
0 0.055882 0.070312 0.035294 0.091797
0 0.491544 0.096191 0.019853 0.069336
0 0.680515 0.964355 0.050735 0.057617
0 0.516176 0.939941 0.064706 0.116211
