0 0.403568 0.365458 0.033177 0.080917
0 0.585755 0.223204 0.094427 0.085296
0 0.426992 0.127903 0.033151 0.083583
0 0.543578 0.013421 0.041323 0.026843
0 0.083198 0.579944 0.060146 0.059889
0 0.871992 0.935745 0.039818 0.106676
0 0.939497 0.272556 0.035245 0.035852
0 0.320846 0.821671 0.051066 0.078527
0 0.400781 0.753069 0.041146 0.083917
0 0.553773 0.478662 0.023172 0.066583
0 0.758628 0.077491 0.029755 0.066093
0 0.822945 0.036176 0.053182 0.053833
0 0.507492 0.874991 0.026443 0.035167
0 0.320957 0.863690 0.040923 0.040785
