0 0.241176 0.703613 0.038235 0.040039
0 0.161765 0.148438 0.020588 0.025391
0 0.163235 0.679688 0.014706 0.027344
0 0.008456 0.176270 0.016912 0.026367
0 0.562500 0.042480 0.022059 0.022461
0 0.015809 0.026855 0.022794 0.032227
0 0.191176 0.978516 0.019118 0.027344
0 0.287868 0.693359 0.022794 0.035156
0 0.863235 0.604980 0.026471 0.030273
0 0.759191 0.168945 0.030147 0.037109
0 0.652941 0.049316 0.016176 0.051758
0 0.327574 0.009277 0.027206 0.020508
0 0.775735 0.339355 0.033824 0.036133
0 0.275000 0.339355 0.027941 0.024414
0 0.155515 0.400391 0.025735 0.027344
0 0.883824 0.893555 0.025000 0.041016
0 0.199632 0.539062 0.022794 0.031250
0 0.617279 0.752441 0.034559 0.036133
0 0.763235 0.022949 0.023529 0.045898
0 0.375000 0.193848 0.020588 0.034180
0 0.069485 0.615234 0.025735 0.033203
0 0.029779 0.585449 0.028676 0.028320
0 0.248162 0.674316 0.028676 0.034180
