0 0.992708 0.533333 0.014583 0.040741
0 0.481510 0.407407 0.056771 0.055556
0 0.980729 0.733333 0.038542 0.038889
0 0.236979 0.820370 0.041667 0.059259
0 0.175000 0.045370 0.046875 0.085185
0 0.802083 0.498148 0.019792 0.068519
0 0.752083 0.156944 0.017708 0.075000
0 0.535156 0.194444 0.049479 0.050000
0 0.153385 0.543981 0.049479 0.045370
0 0.707031 0.791667 0.042188 0.068519
0 0.689323 0.576852 0.025521 0.074074
0 0.497135 0.457870 0.039062 0.065741
0 0.161979 0.058333 0.027083 0.059259
