0 0.920448 0.166667 0.038117 0.070957
0 0.731790 0.642189 0.016667 0.077008
0 0.778395 0.652640 0.025926 0.062706
0 0.643056 0.838146 0.036111 0.052530
0 0.048215 0.769208 0.026986 0.053267
0 0.680521 0.485223 0.019375 0.044703
0 0.349691 0.297305 0.024074 0.067107
0 0.374207 0.232877 0.021253 0.072464
0 0.447068 0.243124 0.021914 0.065457
0 0.121632 0.428304 0.032153 0.039777
0 0.423148 0.493124 0.019136 0.056106
0 0.153395 0.639439 0.050000 0.053905
0 0.158951 0.047030 0.040123 0.044004
0 0.780641 0.477672 0.030069 0.038277
0 0.818585 0.822165 0.011455 0.058691
0 0.894831 0.898081 0.013603 0.057416
