0 0.627604 0.016204 0.022917 0.034259
0 0.154427 0.031019 0.028646 0.047222
0 0.533854 0.219907 0.051042 0.049074
0 0.497396 0.558333 0.040625 0.090741
0 0.359896 0.329630 0.031250 0.053704
0 0.562760 0.197222 0.020313 0.075926
0 0.493750 0.495370 0.030208 0.072222
0 0.095052 0.480556 0.028646 0.059259
0 0.988281 0.531019 0.022396 0.110185
0 0.775781 0.316204 0.025521 0.050926
0 0.705729 0.588426 0.033333 0.049074
0 0.653906 0.803241 0.043229 0.043519
0 0.827083 0.757407 0.031250 0.050000
0 0.210156 0.815278 0.044271 0.076852
