0 0.239115 0.339778 0.037604 0.066593
0 0.543872 0.098727 0.034620 0.043750
0 0.672768 0.368255 0.026786 0.064287
0 0.684911 0.025093 0.029198 0.035370
0 0.429531 0.748468 0.038229 0.074713
0 0.474591 0.839926 0.014807 0.048370
0 0.227544 0.779259 0.038422 0.058519
0 0.046177 0.205009 0.031937 0.028537
0 0.254375 0.399051 0.021250 0.038843
0 0.165865 0.311254 0.058494 0.062678
0 0.284065 0.055889 0.024380 0.045111
0 0.258380 0.084134 0.034469 0.018269
0 0.843008 0.614157 0.030807 0.028315
0 0.801133 0.582204 0.028307 0.029222
0 0.987240 0.188889 0.025521 0.062963
0 0.145433 0.590456 0.036859 0.105413
0 0.153045 0.650997 0.064904 0.075499
0 0.163061 0.667379 0.038462 0.025641
0 0.095353 0.714387 0.031250 0.031339
0 0.058093 0.237892 0.032051 0.052707
0 0.050080 0.072650 0.057692 0.061254
0 0.506811 0.614672 0.027244 0.068376
0 0.302484 0.599003 0.040064 0.031339
0 0.508013 0.034188 0.013622 0.055556
0 0.474760 0.490741 0.022436 0.042735
0 0.432292 0.328348 0.048077 0.037037
0 0.428285 0.297009 0.027244 0.065527
0 0.437099 0.691595 0.044872 0.059829
0 0.697115 0.116809 0.021635 0.049858
0 0.733974 0.095442 0.024840 0.049858
0 0.911458 0.097578 0.024038 0.079772
0 0.867788 0.054843 0.015224 0.071225
0 0.868990 0.835470 0.016026 0.068376
0 0.829327 0.853276 0.015224 0.035613
0 0.749199 0.945157 0.039263 0.068376
0 0.747196 0.642450 0.041667 0.029915
0 0.752804 0.683761 0.022436 0.049858
0 0.781651 0.614672 0.024038 0.059829
0 0.556490 0.799145 0.020833 0.078348
0 0.274038 0.392450 0.047276 0.056980
0 0.229167 0.224359 0.026442 0.056980
0 0.116186 0.029202 0.018429 0.054131
0 0.707131 0.770655 0.024038 0.041311
0 0.368590 0.550570 0.020032 0.039886
0 0.650240 0.967949 0.012821 0.056980
0 0.664263 0.913105 0.024840 0.027066
0 0.219551 0.443020 0.037660 0.047009
0 0.635417 0.027778 0.015224 0.048433
0 0.487179 0.442308 0.016827 0.054131
