0 0.378225 0.376353 0.019992 0.074929
0 0.750560 0.666486 0.044870 0.094083
0 0.782072 0.267390 0.042109 0.031361
0 0.741847 0.311325 0.034736 0.059687
0 0.589583 0.383832 0.018750 0.071368
0 0.568409 0.478668 0.027444 0.055484
0 0.523211 0.779500 0.033922 0.049741
0 0.185547 0.559458 0.033594 0.020769
0 0.021034 0.832550 0.042067 0.042877
0 0.318029 0.176425 0.029808 0.078775
0 0.427346 0.090319 0.031776 0.054713
0 0.220557 0.167847 0.027573 0.043102
0 0.427789 0.736375 0.037870 0.074602
0 0.407224 0.829153 0.033198 0.039787
0 0.800193 0.655690 0.020177 0.037306
0 0.808494 0.589031 0.039263 0.091168
0 0.619391 0.932336 0.020032 0.042735
0 0.139824 0.547721 0.032051 0.025641
0 0.684696 0.906695 0.025641 0.068376
0 0.319712 0.782051 0.018429 0.058405
0 0.078125 0.294160 0.017628 0.056980
0 0.354968 0.713675 0.016827 0.047009
0 0.364583 0.683761 0.015224 0.058405
0 0.872997 0.091880 0.033654 0.037037
