0 0.693229 0.160185 0.027083 0.038889
0 0.430208 0.318981 0.026042 0.028704
0 0.478385 0.107870 0.020313 0.028704
0 0.454427 0.508333 0.024479 0.024074
0 0.903385 0.818056 0.022396 0.037963
0 0.870833 0.777778 0.014583 0.042593
0 0.741406 0.455556 0.030729 0.027778
0 0.214583 0.142593 0.028125 0.042593
0 0.473438 0.462500 0.021875 0.032407
0 0.460938 0.696759 0.018750 0.032407
0 0.642188 0.094444 0.018750 0.046296
0 0.673177 0.934259 0.024479 0.025926
0 0.694531 0.567593 0.017188 0.033333
0 0.526823 0.155093 0.016146 0.047222
0 0.185156 0.195833 0.015104 0.065741
0 0.815104 0.638426 0.030208 0.019444
