0 0.438194 0.373762 0.065278 0.074257
0 0.786111 0.044554 0.041667 0.059406
0 0.722222 0.543317 0.030556 0.042079
0 0.836111 0.259901 0.033333 0.049505
0 0.823611 0.867574 0.030556 0.051980
0 0.052083 0.079208 0.023611 0.074257
0 0.936111 0.883663 0.022222 0.059406
0 0.668750 0.623762 0.031944 0.034653
0 0.170833 0.545792 0.033333 0.066832
0 0.781250 0.965347 0.031944 0.054455
0 0.243750 0.544554 0.034722 0.044554
0 0.077083 0.529703 0.048611 0.049505
0 0.606944 0.485149 0.036111 0.049505
0 0.145833 0.940594 0.033333 0.074257
0 0.023611 0.230198 0.050000 0.059406
0 0.475000 0.436881 0.058333 0.071782
0 0.154861 0.113861 0.043056 0.039604
