0 0.382958 0.115309 0.032583 0.096955
0 0.432271 0.222488 0.028431 0.063787
0 0.430750 0.118032 0.019833 0.057847
0 0.576042 0.238329 0.040972 0.060817
0 0.746347 0.177203 0.042694 0.047475
0 0.722785 0.183874 0.020569 0.060817
0 0.946493 0.675953 0.015208 0.069728
0 0.986111 0.688119 0.027778 0.084158
0 0.883264 0.273973 0.052639 0.057847
0 0.926188 0.287327 0.046819 0.084554
0 0.790472 0.245520 0.047611 0.050446
0 0.810479 0.297760 0.037625 0.016312
0 0.837583 0.255891 0.016833 0.086040
0 0.540092 0.140834 0.034364 0.022966
0 0.710839 0.087246 0.015034 0.063795
0 0.729453 0.133816 0.022194 0.070175
0 0.760238 0.137006 0.029353 0.051036
