0 0.395521 0.375921 0.042083 0.070361
0 0.548039 0.484500 0.042953 0.041222
0 0.562365 0.442440 0.032021 0.079324
0 0.571917 0.383051 0.043833 0.066102
0 0.820219 0.053005 0.055021 0.052306
0 0.945372 0.290255 0.044911 0.073102
0 0.878125 0.942144 0.037500 0.082435
0 0.566643 0.219296 0.055161 0.040444
0 0.510417 0.873056 0.060417 0.035000
0 0.407484 0.761458 0.055594 0.069213
0 0.318362 0.836329 0.061724 0.094880
0 0.294143 0.111940 0.059120 0.073880
0 0.423607 0.129384 0.039922 0.075435
0 0.065161 0.563532 0.032406 0.086324
0 0.979049 0.775944 0.041432 0.068556
0 0.094333 0.572134 0.029142 0.077160
