0 0.172135 0.047222 0.018229 0.070370
0 0.511458 0.797222 0.027083 0.025926
0 0.849479 0.753241 0.023958 0.041667
0 0.865625 0.697685 0.034375 0.032407
0 0.436979 0.025463 0.017708 0.050926
0 0.490104 0.624074 0.022917 0.044444
0 0.738802 0.608796 0.023438 0.037963
0 0.223958 0.904630 0.023958 0.061111
0 0.008854 0.781944 0.018750 0.073148
0 0.873958 0.467130 0.017708 0.062037
0 0.472135 0.866667 0.035937 0.046296
0 0.423177 0.425926 0.026562 0.031481
0 0.673177 0.655093 0.034896 0.043519
0 0.968229 0.406944 0.033333 0.069444
0 0.866927 0.785185 0.023438 0.055556
0 0.372656 0.059722 0.029687 0.062037
0 0.368750 0.743056 0.032292 0.073148
0 0.773698 0.852315 0.034896 0.028704
0 0.853906 0.972685 0.039062 0.037963
0 0.698177 0.339815 0.020313 0.068519
0 0.128906 0.766667 0.039062 0.042593
0 0.547656 0.712500 0.017188 0.067593
0 0.456510 0.029167 0.020313 0.058333
0 0.692448 0.823611 0.034896 0.058333
0 0.475781 0.717593 0.029687 0.061111
0 0.890104 0.783796 0.030208 0.099074
