0 0.588406 0.055194 0.055979 0.030759
0 0.305161 0.159861 0.029073 0.054907
0 0.396583 0.214972 0.018167 0.081796
0 0.123495 0.228407 0.019906 0.099407
0 0.147852 0.358069 0.039453 0.062435
0 0.043052 0.484500 0.025687 0.083815
0 0.608195 0.494912 0.043474 0.036120
0 0.625135 0.363852 0.047146 0.040667
0 0.888622 0.701567 0.060096 0.082621
0 0.958008 0.169583 0.043099 0.046574
0 0.918935 0.267755 0.001411 0.002176
0 0.239583 0.142490 0.025318 0.060442
0 0.508013 0.512108 0.028045 0.025641
0 0.194712 0.735755 0.037660 0.028490
0 0.258013 0.751425 0.050481 0.028490
0 0.615785 0.658120 0.027244 0.038462
0 0.648638 0.680912 0.033654 0.055556
0 0.786058 0.475783 0.064904 0.075499
0 0.774038 0.396011 0.026442 0.052707
0 0.762019 0.277778 0.044071 0.089744
0 0.498397 0.712963 0.042468 0.068376
0 0.103365 0.614672 0.021635 0.042735
0 0.086538 0.253561 0.044071 0.072650
0 0.576923 0.016382 0.056891 0.031339
0 0.612179 0.790598 0.020032 0.066952
0 0.677083 0.818376 0.036058 0.054131
0 0.163462 0.169516 0.028045 0.061254
0 0.814904 0.398148 0.023237 0.068376
0 0.549279 0.574074 0.035256 0.024217
0 0.530849 0.547721 0.024038 0.059829
0 0.861779 0.828348 0.027244 0.054131
0 0.432292 0.876068 0.022436 0.038462
