0 0.120833 0.592593 0.031250 0.031481
0 0.988281 0.508333 0.023438 0.061111
0 0.741406 0.238426 0.033854 0.043519
0 0.491927 0.473611 0.039062 0.045370
0 0.386198 0.272685 0.039062 0.045370
0 0.229687 0.806019 0.035417 0.067593
0 0.683333 0.793519 0.041667 0.053704
0 0.560677 0.212037 0.036979 0.055556
0 0.521354 0.214815 0.053125 0.037037
0 0.503906 0.525000 0.047396 0.059259
0 0.733333 0.553704 0.033333 0.066667
0 0.901563 0.693981 0.040625 0.052778
0 0.195052 0.034722 0.015104 0.065741
0 0.175000 0.028241 0.034375 0.056481
