0 0.385560 0.384255 0.015911 0.066657
0 0.401513 0.467778 0.037401 0.035556
0 0.500599 0.407921 0.030365 0.063991
0 0.530604 0.464000 0.034125 0.039111
0 0.572781 0.339699 0.022646 0.071991
0 0.558714 0.254106 0.040344 0.047102
0 0.587227 0.152514 0.058828 0.056880
0 0.612578 0.350366 0.029323 0.071102
0 0.369474 0.107551 0.050406 0.059546
0 0.409688 0.119810 0.037083 0.093324
0 0.289229 0.215440 0.030542 0.103102
0 0.266977 0.266296 0.023536 0.040000
0 0.224404 0.213366 0.029016 0.069324
0 0.156729 0.395588 0.025958 0.055991
0 0.263062 0.036926 0.037583 0.027556
0 0.311279 0.051699 0.036099 0.095991
0 0.969919 0.224292 0.039839 0.055991
0 0.878711 0.402218 0.018880 0.048880
0 0.662906 0.657366 0.041437 0.068435
0 0.896224 0.762477 0.015365 0.089769
0 0.824190 0.839181 0.060880 0.096880
0 0.681469 0.824847 0.037937 0.118213
0 0.689083 0.789630 0.037542 0.031111
0 0.672617 0.841403 0.025443 0.101324
0 0.436799 0.823296 0.059016 0.037333
0 0.508753 0.856995 0.057089 0.063991
0 0.515885 0.959259 0.044271 0.081481
0 0.155310 0.928884 0.042911 0.079991
0 0.130484 0.712440 0.038052 0.047102
0 0.037510 0.638921 0.037521 0.087102
0 0.550260 0.553653 0.036979 0.051750
0 0.193698 0.380810 0.034271 0.024583
0 0.278846 0.644587 0.028045 0.028490
0 0.976763 0.262821 0.034455 0.045584
0 0.925881 0.578348 0.025641 0.072650
0 0.087740 0.136040 0.025641 0.065527
