0 0.895521 0.559287 0.022292 0.061167
0 0.567315 0.686870 0.039839 0.053370
0 0.556115 0.734194 0.023688 0.051722
0 0.247523 0.642824 0.040880 0.024537
0 0.902754 0.118214 0.027825 0.062151
0 0.766124 0.871005 0.018550 0.065956
0 0.608804 0.508245 0.020691 0.040589
0 0.830929 0.605413 0.023237 0.038462
0 0.379407 0.615385 0.033654 0.038462
0 0.522436 0.521368 0.020032 0.066952
0 0.332933 0.037749 0.009615 0.054131
0 0.310897 0.041311 0.023237 0.055556
0 0.396635 0.576923 0.024840 0.049858
0 0.784054 0.797721 0.032051 0.052707
0 0.987179 0.582621 0.018429 0.066952
