0 0.894531 0.759259 0.038021 0.040741
0 0.667708 0.426389 0.011458 0.047222
0 0.260156 0.925926 0.024479 0.031481
0 0.604688 0.808796 0.028125 0.032407
0 0.595313 0.401852 0.015625 0.040741
0 0.252604 0.455556 0.031250 0.031481
0 0.085677 0.519907 0.033854 0.065741
0 0.160156 0.511574 0.028646 0.056481
0 0.161979 0.459722 0.020833 0.058333
0 0.216406 0.018519 0.021354 0.037037
0 0.506510 0.677315 0.018229 0.037963
0 0.408854 0.207407 0.028125 0.051852
0 0.461198 0.601389 0.021354 0.039815
0 0.987500 0.296759 0.023958 0.039815
0 0.243750 0.131481 0.028125 0.055556
0 0.327604 0.696759 0.026042 0.062037
0 0.781250 0.716204 0.018750 0.039815
0 0.670573 0.718056 0.016146 0.063889
0 0.246875 0.616667 0.029167 0.048148
0 0.596875 0.134259 0.034375 0.027778
0 0.662240 0.600000 0.016146 0.070370
0 0.405729 0.738889 0.034375 0.040741
0 0.309635 0.358333 0.046354 0.053704
0 0.571615 0.978241 0.034896 0.043519
0 0.689323 0.095370 0.038021 0.040741
0 0.082031 0.563889 0.046354 0.057407
0 0.291927 0.617593 0.060937 0.035185
0 0.402083 0.583333 0.042708 0.037037
0 0.819531 0.084259 0.031771 0.061111
0 0.593229 0.884722 0.025000 0.056481
0 0.232552 0.272685 0.022396 0.071296
0 0.038802 0.780556 0.020313 0.074074
