0 0.231250 0.832870 0.040625 0.030556
0 0.160677 0.017593 0.036979 0.037037
0 0.984635 0.535185 0.030729 0.038889
0 0.200781 0.807870 0.031771 0.084259
0 0.673177 0.802778 0.033854 0.066667
0 0.638802 0.025926 0.025521 0.051852
0 0.228385 0.792593 0.035937 0.061111
0 0.560156 0.212500 0.027604 0.067593
0 0.487760 0.525463 0.031771 0.043519
0 0.880208 0.701852 0.030208 0.074074
0 0.519531 0.219444 0.023438 0.070370
0 0.710156 0.584259 0.033854 0.051852
0 0.763281 0.271759 0.019271 0.056481
0 0.486979 0.500000 0.032292 0.066667
0 0.508854 0.503241 0.032292 0.095370
