0 0.982721 0.797852 0.025735 0.027344
0 0.733088 0.537109 0.027941 0.035156
0 0.390441 0.070312 0.020588 0.033203
0 0.730147 0.726562 0.025000 0.031250
0 0.465074 0.332031 0.022794 0.042969
0 0.959191 0.837891 0.033088 0.027344
0 0.790441 0.405273 0.020588 0.027344
0 0.189338 0.125977 0.031618 0.039062
0 0.797426 0.740234 0.022794 0.023438
0 0.357721 0.146484 0.022794 0.037109
0 0.734191 0.664062 0.022794 0.033203
0 0.636397 0.972656 0.031618 0.042969
0 0.144118 0.165527 0.020588 0.043945
0 0.034191 0.860352 0.025735 0.044922
