0 0.118015 0.407227 0.050735 0.117188
0 0.129779 0.486816 0.034559 0.055664
0 0.863235 0.110352 0.051471 0.066406
0 0.989338 0.077148 0.021324 0.111328
0 0.419485 0.207520 0.025735 0.061523
0 0.096324 0.431641 0.045588 0.085938
0 0.313971 0.455566 0.038235 0.073242
0 0.440074 0.825195 0.038971 0.070312
0 0.843750 0.072266 0.059559 0.089844
0 0.457353 0.219727 0.072059 0.052734
0 0.061029 0.964355 0.045588 0.063477
0 0.111029 0.759766 0.026471 0.048828
0 0.463235 0.272949 0.051471 0.065430
0 0.737868 0.131348 0.058088 0.061523
0 0.293750 0.391602 0.040441 0.083984
0 0.665074 0.341309 0.041912 0.061523
0 0.623897 0.419434 0.046324 0.069336
0 0.563603 0.946777 0.041912 0.059570
0 0.274632 0.752441 0.027206 0.069336
0 0.823529 0.425781 0.047059 0.066406
0 0.015809 0.646484 0.033088 0.066406
0 0.893382 0.297363 0.052941 0.063477
0 0.329412 0.243652 0.041176 0.065430
0 0.816176 0.619141 0.045588 0.072266
0 0.425735 0.026855 0.045588 0.055664
0 0.453676 0.060059 0.077941 0.067383
0 0.398162 0.080566 0.072794 0.038086
0 0.464706 0.087891 0.039706 0.058594
