0 0.406985 0.344238 0.052206 0.102539
0 0.725000 0.064941 0.073529 0.038086
0 0.030515 0.139648 0.041912 0.080078
0 0.172426 0.471191 0.047794 0.036133
0 0.977574 0.418945 0.043382 0.101562
0 0.923529 0.427734 0.054412 0.048828
0 0.529044 0.929688 0.061029 0.101562
0 0.388603 0.583984 0.074265 0.039062
0 0.842279 0.742188 0.027206 0.058594
0 0.899265 0.749023 0.044118 0.046875
0 0.677941 0.964355 0.052941 0.055664
0 0.480147 0.159180 0.020588 0.068359
0 0.547426 0.719238 0.091912 0.069336
0 0.784926 0.091309 0.053676 0.057617
0 0.369853 0.014648 0.044118 0.029297
0 0.672794 0.067383 0.041176 0.083984
