0 0.347299 0.608292 0.027931 0.068069
0 0.453104 0.238342 0.025653 0.065792
0 0.660785 0.432339 0.046569 0.057748
0 0.368486 0.281349 0.045306 0.032995
0 0.123417 0.736200 0.038500 0.041708
0 0.604493 0.156844 0.011764 0.056262
0 0.584333 0.313663 0.015889 0.048119
0 0.682486 0.145025 0.031639 0.067277
0 0.917181 0.528663 0.034361 0.037525
0 0.801764 0.846126 0.042417 0.033837
0 0.845790 0.362841 0.031501 0.028070
0 0.156715 0.478310 0.035080 0.024242
0 0.334264 0.655660 0.032216 0.037001
0 0.631730 0.201439 0.034364 0.047208
