0 0.983824 0.422363 0.029412 0.086914
0 0.377941 0.009277 0.033824 0.018555
0 0.171324 0.455566 0.047059 0.069336
0 0.977206 0.418945 0.044118 0.083984
0 0.720588 0.070312 0.077941 0.039062
0 0.927206 0.419434 0.057353 0.045898
0 0.033824 0.145020 0.052941 0.051758
0 0.523529 0.943359 0.051471 0.101562
0 0.481250 0.150391 0.022794 0.070312
0 0.779779 0.091309 0.053676 0.045898
0 0.844485 0.736816 0.022794 0.057617
0 0.417279 0.314941 0.068382 0.061523
0 0.678676 0.964355 0.052941 0.055664
0 0.379044 0.580566 0.058088 0.055664
0 0.544118 0.723145 0.095588 0.059570
0 0.672059 0.064941 0.038235 0.077148
0 0.901103 0.750977 0.043382 0.041016
