0 0.212132 0.700195 0.034559 0.027344
0 0.318750 0.011230 0.025735 0.024414
0 0.714706 0.278809 0.016176 0.036133
0 0.016912 0.028320 0.020588 0.039062
0 0.186397 0.983398 0.022794 0.029297
0 0.291176 0.863281 0.022059 0.027344
0 0.009926 0.174316 0.021324 0.028320
0 0.840074 0.125977 0.021324 0.031250
0 0.416544 0.191895 0.024265 0.038086
0 0.777941 0.335938 0.044118 0.031250
0 0.152206 0.401855 0.036765 0.024414
0 0.281250 0.704102 0.027206 0.029297
0 0.229779 0.691406 0.061029 0.046875
0 0.882353 0.893066 0.027941 0.030273
0 0.077206 0.619141 0.027941 0.035156
0 0.765441 0.176270 0.027941 0.034180
0 0.203309 0.539062 0.028676 0.031250
0 0.163971 0.145020 0.023529 0.028320
0 0.840441 0.988770 0.016176 0.022461
