0 0.798162 0.068359 0.025735 0.025391
0 0.667279 0.976562 0.024265 0.027344
0 0.193750 0.583984 0.028676 0.029297
0 0.427941 0.853516 0.025000 0.029297
0 0.784191 0.476562 0.031618 0.031250
0 0.648529 0.262695 0.026471 0.039062
0 0.554412 0.174316 0.035294 0.051758
0 0.580515 0.231934 0.022794 0.041992
0 0.399265 0.066406 0.027941 0.021484
0 0.091544 0.363770 0.056618 0.036133
0 0.676838 0.785156 0.018382 0.041016
0 0.085294 0.537598 0.025000 0.032227
0 0.588603 0.522949 0.024265 0.024414
0 0.439338 0.389648 0.033088 0.029297
0 0.554412 0.185059 0.035294 0.065430
0 0.680515 0.560059 0.033088 0.030273
0 0.666176 0.653809 0.035294 0.038086
0 0.034926 0.166016 0.028676 0.039062
0 0.716912 0.722656 0.030882 0.037109
0 0.496691 0.978516 0.036029 0.037109
0 0.341544 0.787109 0.025735 0.044922
0 0.055882 0.502441 0.029412 0.045898
0 0.844485 0.056152 0.028676 0.022461
0 0.502574 0.335449 0.036029 0.043945
0 0.851838 0.172852 0.030147 0.050781
0 0.333456 0.020020 0.018382 0.040039
0 0.630882 0.880859 0.042647 0.044922
0 0.584926 0.054688 0.030147 0.039062
0 0.635294 0.134277 0.032353 0.024414
0 0.334191 0.386230 0.025735 0.032227
0 0.456985 0.513184 0.031618 0.036133
0 0.993750 0.144531 0.012500 0.054688
0 0.813235 0.144531 0.030882 0.042969
0 0.091544 0.585938 0.037500 0.029297
0 0.031250 0.542480 0.025735 0.047852
0 0.081618 0.655273 0.023529 0.050781
