0 0.482924 0.271931 0.039807 0.056824
0 0.678367 0.368954 0.035901 0.078648
0 0.648578 0.020299 0.027364 0.040598
0 0.685036 0.038960 0.037780 0.026068
0 0.277781 0.396509 0.023271 0.074500
0 0.235206 0.374273 0.055828 0.048546
0 0.137565 0.083917 0.063672 0.106722
0 0.152534 0.303889 0.021734 0.074444
0 0.139250 0.603051 0.022250 0.061657
0 0.155659 0.652042 0.036318 0.035565
0 0.426146 0.737815 0.029375 0.081185
0 0.457047 0.862389 0.051594 0.061815
0 0.840143 0.639171 0.031328 0.059824
0 0.702755 0.142958 0.006552 0.054435
0 0.315578 0.782806 0.031156 0.030426
0 0.221154 0.445157 0.047276 0.082621
0 0.093349 0.704416 0.027244 0.037037
0 0.554087 0.804131 0.017628 0.065527
0 0.529647 0.785613 0.016827 0.039886
0 0.538061 0.113960 0.028846 0.081197
0 0.497596 0.059117 0.028045 0.045584
0 0.257212 0.071937 0.050481 0.048433
0 0.211138 0.793447 0.038462 0.041311
0 0.742788 0.959402 0.045673 0.068376
0 0.758413 0.824074 0.012821 0.056980
0 0.856571 0.056268 0.021635 0.054131
0 0.028446 0.076211 0.046474 0.048433
0 0.474760 0.490741 0.017628 0.051282
0 0.629407 0.342593 0.020833 0.028490
0 0.444712 0.323362 0.037660 0.055556
0 0.430689 0.297721 0.032051 0.029915
