0 0.589591 0.166231 0.048974 0.034315
0 0.561508 0.248866 0.030307 0.025509
0 0.566216 0.369000 0.013682 0.062074
0 0.609849 0.369588 0.041573 0.026213
0 0.498432 0.424611 0.019781 0.073296
0 0.531073 0.458389 0.027771 0.040852
0 0.543055 0.578523 0.010068 0.077417
0 0.384000 0.488940 0.039875 0.022324
0 0.388878 0.436690 0.017339 0.051157
0 0.363357 0.129657 0.036089 0.046352
0 0.313266 0.077255 0.012990 0.085991
0 0.263466 0.301250 0.022766 0.041389
0 0.278852 0.247356 0.042078 0.052120
0 0.895461 0.767199 0.019047 0.073287
0 0.822823 0.815926 0.022729 0.042963
0 0.814073 0.861838 0.022937 0.047750
0 0.693938 0.823468 0.027458 0.061750
0 0.674466 0.814190 0.012474 0.076528
0 0.657458 0.714963 0.015958 0.065111
0 0.516146 0.971759 0.015625 0.056481
0 0.516784 0.885398 0.014818 0.076352
0 0.447240 0.838477 0.061146 0.032509
0 0.974740 0.235648 0.050521 0.037963
0 0.125237 0.719727 0.034849 0.074639
0 0.144643 0.947366 0.028870 0.072509
0 0.026674 0.691333 0.050224 0.097481
0 0.147035 0.462251 0.032051 0.068376
0 0.407051 0.126781 0.021635 0.069801
0 0.424279 0.103276 0.022436 0.076923
0 0.245994 0.042023 0.032853 0.051282
0 0.083734 0.557692 0.022436 0.048433
