0 0.231522 0.101562 0.052750 0.070312
0 0.863507 0.484883 0.037309 0.032266
0 0.945143 0.654712 0.031463 0.055518
0 0.362904 0.704590 0.024338 0.049805
0 0.807562 0.103506 0.028360 0.031230
0 0.677243 0.127412 0.026544 0.063418
0 0.473750 0.308076 0.022500 0.043887
0 0.903882 0.811523 0.040118 0.048828
0 0.057408 0.099609 0.047169 0.042969
0 0.350842 0.020508 0.034037 0.041016
0 0.410412 0.111328 0.050235 0.039062
0 0.533629 0.072295 0.014316 0.035215
0 0.994938 0.138135 0.010463 0.037988
0 0.986625 0.112183 0.014426 0.040771
0 0.817320 0.237163 0.036110 0.034873
0 0.927419 0.327998 0.022485 0.042715
0 0.941011 0.282236 0.020257 0.042988
0 0.502401 0.226323 0.025390 0.026865
0 0.121801 0.363799 0.027426 0.067441
0 0.117228 0.473125 0.068279 0.077109
0 0.290717 0.488086 0.019669 0.046484
0 0.252504 0.603159 0.019713 0.040303
0 0.736662 0.469795 0.029206 0.025527
0 0.498904 0.905366 0.059574 0.031436
0 0.866173 0.894121 0.023522 0.028477
0 0.486165 0.824096 0.030895 0.059086
0 0.174129 0.136399 0.024716 0.077140
