0 0.910059 0.844458 0.026000 0.022900
0 0.852298 0.913516 0.022243 0.026250
0 0.399688 0.827158 0.033199 0.023457
0 0.516478 0.864272 0.043250 0.035186
0 0.521618 0.807075 0.019706 0.034072
0 0.529669 0.819902 0.035809 0.020664
0 0.390015 0.540898 0.022676 0.044687
0 0.245882 0.545776 0.034412 0.032959
0 0.424441 0.405156 0.029765 0.044687
0 0.475897 0.341812 0.020912 0.035186
0 0.018687 0.085532 0.025610 0.032393
0 0.194382 0.016758 0.024059 0.033516
0 0.005875 0.836655 0.008809 0.046357
0 0.206382 0.956631 0.023059 0.040215
0 0.434842 0.633804 0.022625 0.035186
0 0.642952 0.877524 0.037375 0.032393
0 0.550522 0.913804 0.049574 0.038545
0 0.344213 0.929297 0.025191 0.055859
0 0.509673 0.642998 0.020816 0.022324
0 0.765867 0.795025 0.022446 0.052426
