0 0.822656 0.846759 0.033854 0.041667
0 0.405729 0.816667 0.027083 0.077778
0 0.508333 0.879167 0.023958 0.049074
0 0.745833 0.528704 0.030208 0.050000
0 0.476823 0.846296 0.031771 0.057407
0 0.990365 0.824074 0.019271 0.064815
0 0.946354 0.276389 0.046875 0.062037
0 0.582552 0.429167 0.015104 0.054630
0 0.528906 0.012963 0.058854 0.025926
0 0.982031 0.765278 0.035937 0.049074
0 0.823177 0.053704 0.045312 0.046296
0 0.571354 0.242593 0.021875 0.085185
0 0.059635 0.612500 0.044271 0.063889
0 0.543490 0.481481 0.025521 0.087037
0 0.893750 0.589815 0.036458 0.046296
0 0.423958 0.130556 0.042708 0.044444
0 0.407552 0.345833 0.048438 0.062037
0 0.874479 0.906481 0.030208 0.101852
0 0.305729 0.833796 0.062500 0.073148
0 0.041927 0.518056 0.056771 0.062037
0 0.024479 0.970370 0.048958 0.057407
0 0.591927 0.228241 0.040104 0.052778
