0 0.456250 0.538426 0.026042 0.026852
0 0.127604 0.587963 0.032292 0.037037
0 0.418229 0.053241 0.029167 0.041667
0 0.977604 0.855093 0.018750 0.054630
0 0.428906 0.469907 0.031771 0.054630
0 0.801302 0.593056 0.043229 0.052778
0 0.117708 0.197222 0.033333 0.038889
0 0.753906 0.346759 0.021354 0.056481
0 0.565104 0.487963 0.033333 0.064815
0 0.169531 0.418519 0.033854 0.038889
0 0.745052 0.615741 0.048438 0.038889
0 0.755729 0.707870 0.027083 0.043519
0 0.691927 0.890278 0.024479 0.060185
0 0.955729 0.440741 0.019792 0.059259
0 0.197656 0.525463 0.042188 0.043519
0 0.388281 0.617593 0.020313 0.064815
0 0.441406 0.748148 0.027604 0.068519
0 0.318229 0.780093 0.023958 0.056481
0 0.773958 0.619907 0.045833 0.056481
0 0.462760 0.886574 0.024479 0.045370
0 0.487760 0.425926 0.019271 0.044444
