0 0.236250 0.380611 0.060000 0.051963
0 0.267240 0.389824 0.044896 0.094463
0 0.223479 0.455042 0.060500 0.058231
0 0.141370 0.597606 0.032740 0.060028
0 0.150650 0.657181 0.058512 0.056527
0 0.417468 0.754986 0.024840 0.086895
0 0.215781 0.790292 0.051354 0.026880
0 0.321635 0.774679 0.016186 0.047507
0 0.282539 0.601880 0.029661 0.025981
0 0.432964 0.327417 0.020094 0.049278
0 0.682503 0.375171 0.031672 0.072565
0 0.731888 0.707912 0.037734 0.052861
0 0.841386 0.613782 0.032772 0.033120
0 0.856583 0.059764 0.028792 0.052861
0 0.689523 0.044409 0.038421 0.035114
0 0.647436 0.012821 0.023237 0.024217
0 0.717949 0.144587 0.039263 0.048433
0 0.539602 0.116509 0.043786 0.092278
0 0.500029 0.058269 0.028182 0.031352
0 0.243990 0.083333 0.027244 0.085470
0 0.396128 0.259704 0.011005 0.056444
0 0.457071 0.855912 0.061018 0.067379
0 0.608112 0.800356 0.031849 0.034046
0 0.755034 0.955907 0.012151 0.061815
0 0.743490 0.962500 0.021354 0.075000
0 0.727391 0.959912 0.026656 0.071676
0 0.661058 0.922365 0.028045 0.039886
0 0.651983 0.972293 0.044591 0.048291
0 0.848417 0.674537 0.018710 0.039815
0 0.854497 0.829806 0.024620 0.044796
0 0.770922 0.219347 0.023094 0.060917
0 0.986779 0.187322 0.024038 0.074074
0 0.472013 0.308181 0.051318 0.036731
0 0.492492 0.264005 0.025609 0.048380
0 0.518073 0.426671 0.037188 0.038528
0 0.142081 0.708838 0.023745 0.025083
0 0.094351 0.703276 0.026843 0.045014
0 0.045547 0.255548 0.061447 0.056681
0 0.155122 0.317292 0.022745 0.045694
0 0.161167 0.112481 0.050458 0.056444
0 0.527937 0.800301 0.034000 0.037639
0 0.601362 0.254986 0.016026 0.047009
0 0.041667 0.080484 0.036058 0.025641
0 0.554087 0.800570 0.014423 0.075499
0 0.465144 0.047009 0.027244 0.052707
0 0.760016 0.834758 0.014423 0.075499
0 0.985577 0.229345 0.023237 0.049858
