0 0.715972 0.549505 0.045833 0.034653
0 0.098611 0.087871 0.033333 0.042079
0 0.022222 0.649752 0.044444 0.042079
0 0.125000 0.122525 0.041667 0.042079
0 0.672222 0.626238 0.036111 0.029703
0 0.922222 0.868812 0.016667 0.064356
0 0.427083 0.428218 0.070833 0.044554
0 0.262500 0.075495 0.038889 0.081683
0 0.142361 0.945545 0.023611 0.069307
0 0.779861 0.970297 0.037500 0.049505
0 0.162500 0.560644 0.041667 0.047030
0 0.248611 0.537129 0.036111 0.044554
0 0.486111 0.425743 0.055556 0.074257
0 0.573611 0.461634 0.041667 0.061881
0 0.822222 0.867574 0.033333 0.051980
0 0.017361 0.618812 0.018056 0.074257
