0 0.502574 0.198730 0.031618 0.045898
0 0.127941 0.381348 0.042647 0.045898
0 0.143382 0.476562 0.027941 0.066406
0 0.120588 0.446777 0.051471 0.036133
0 0.483088 0.802734 0.041176 0.041016
0 0.527206 0.896484 0.026471 0.027344
0 0.611029 0.811523 0.029412 0.042969
0 0.905515 0.806152 0.028676 0.036133
0 0.129779 0.353516 0.036029 0.042969
0 0.419118 0.960938 0.020588 0.042969
0 0.861029 0.881348 0.032353 0.041992
0 0.066176 0.609863 0.032353 0.034180
0 0.247059 0.770020 0.027941 0.028320
0 0.989706 0.129395 0.020588 0.067383
0 0.945221 0.269531 0.021324 0.041016
0 0.882721 0.782227 0.033088 0.029297
0 0.519485 0.209473 0.036029 0.045898
0 0.531985 0.058105 0.024265 0.043945
0 0.117647 0.471191 0.066176 0.069336
0 0.033824 0.670898 0.030882 0.027344
0 0.398529 0.861816 0.044118 0.041992
0 0.805882 0.245605 0.055882 0.098633
0 0.357721 0.696777 0.021324 0.047852
0 0.402941 0.115234 0.052941 0.029297
0 0.811397 0.096191 0.031618 0.028320
0 0.945956 0.641113 0.030147 0.043945
0 0.172426 0.157227 0.033088 0.068359
0 0.852941 0.976562 0.032353 0.042969
0 0.054779 0.092773 0.019853 0.039062
0 0.341544 0.023438 0.031618 0.039062
0 0.240074 0.091309 0.046324 0.081055
0 0.675735 0.115234 0.023529 0.058594
0 0.474265 0.306152 0.023529 0.049805
0 0.862500 0.478027 0.041176 0.045898
0 0.255147 0.590820 0.026471 0.060547
0 0.291912 0.483398 0.035294 0.048828
