0 0.362981 0.712251 0.040865 0.055556
0 0.701202 0.807479 0.024679 0.064530
0 0.711138 0.574074 0.014423 0.066952
0 0.572917 0.274217 0.024840 0.059829
0 0.477163 0.299858 0.048077 0.031339
0 0.352965 0.879630 0.051282 0.056980
0 0.731571 0.809117 0.026442 0.081197
0 0.792869 0.703704 0.043269 0.101140
0 0.708734 0.737179 0.024038 0.065527
0 0.483574 0.551282 0.024038 0.069801
0 0.500000 0.663818 0.034455 0.044160
0 0.894231 0.566239 0.031250 0.071225
0 0.952724 0.668803 0.044071 0.045584
0 0.316506 0.541311 0.016827 0.069801
0 0.661458 0.476496 0.035256 0.054131
0 0.340946 0.527066 0.035256 0.038462
0 0.920673 0.336895 0.036058 0.088319
0 0.839744 0.130342 0.044071 0.082621
0 0.792869 0.150997 0.025641 0.078348
0 0.740385 0.558405 0.029647 0.064103
