0 0.514338 0.350098 0.028676 0.030273
0 0.630515 0.363770 0.036029 0.032227
0 0.602941 0.403320 0.038235 0.035156
0 0.318015 0.212891 0.028676 0.042969
0 0.786397 0.101562 0.016912 0.042969
0 0.755147 0.495605 0.023529 0.045898
0 0.562500 0.919434 0.019118 0.043945
0 0.766176 0.202148 0.026471 0.042969
0 0.582353 0.348145 0.023529 0.041992
0 0.018382 0.304688 0.038235 0.037109
0 0.364706 0.335449 0.019118 0.030273
0 0.621691 0.021484 0.036029 0.035156
0 0.156250 0.443359 0.030147 0.037109
0 0.357721 0.417480 0.033088 0.038086
