0 0.380628 0.241366 0.036255 0.051250
0 0.251898 0.290685 0.018380 0.061000
0 0.377831 0.547477 0.024411 0.061620
0 0.295875 0.630838 0.046958 0.061676
0 0.469284 0.875819 0.039609 0.079417
0 0.615487 0.675759 0.016391 0.068185
0 0.581638 0.258037 0.011193 0.066074
0 0.989802 0.161250 0.020229 0.066944
0 0.916479 0.577116 0.045458 0.046824
0 0.507693 0.673671 0.009135 0.058454
0 0.582029 0.868866 0.018224 0.037731
0 0.728747 0.824644 0.050203 0.047435
0 0.191203 0.389787 0.056365 0.036981
0 0.583849 0.980556 0.060406 0.038889
0 0.129352 0.321157 0.029252 0.054541
