0 0.023177 0.792130 0.045312 0.047222
0 0.409635 0.131944 0.019271 0.078704
0 0.872656 0.817593 0.047396 0.075926
0 0.044531 0.548611 0.051562 0.036111
0 0.657552 0.252315 0.034896 0.086111
0 0.933854 0.657870 0.032292 0.054630
0 0.933854 0.219444 0.040625 0.062963
0 0.963802 0.544907 0.024479 0.073148
0 0.936979 0.386574 0.047917 0.043519
0 0.541406 0.474074 0.024479 0.090741
0 0.734635 0.687037 0.039062 0.075926
0 0.616406 0.376389 0.048438 0.075000
0 0.779427 0.272222 0.058854 0.062963
0 0.872656 0.793056 0.051562 0.073148
