0 0.382060 0.225847 0.037036 0.042435
0 0.598690 0.083912 0.043214 0.051157
0 0.595435 0.506954 0.043995 0.039833
0 0.617177 0.373579 0.054146 0.050861
0 0.955013 0.176991 0.049609 0.042870
0 0.106174 0.257343 0.010266 0.068389
0 0.890281 0.679694 0.037854 0.061241
0 0.763049 0.399282 0.018807 0.061528
0 0.947583 0.459718 0.027458 0.039806
0 0.871305 0.834829 0.041568 0.030769
0 0.302690 0.138093 0.015797 0.039148
0 0.369792 0.316744 0.018084 0.048868
0 0.226924 0.163709 0.034722 0.054012
0 0.149439 0.360399 0.059295 0.044160
0 0.153045 0.172365 0.029647 0.047009
0 0.187901 0.215812 0.024038 0.071225
0 0.194712 0.741453 0.032853 0.022792
0 0.027644 0.511396 0.032051 0.086895
0 0.650641 0.504274 0.031250 0.021368
0 0.501603 0.716524 0.044071 0.069801
0 0.860577 0.716524 0.042468 0.047009
0 0.762019 0.269231 0.032853 0.084046
0 0.601362 0.811254 0.016026 0.051282
0 0.081330 0.256410 0.025641 0.055556
0 0.577324 0.033476 0.044872 0.062678
0 0.724359 0.048433 0.029647 0.052707
0 0.780849 0.488604 0.064103 0.052707
0 0.558494 0.834046 0.020032 0.025641
0 0.429487 0.884615 0.024840 0.041311
0 0.262821 0.771368 0.037660 0.051282
0 0.633013 0.275641 0.026442 0.051282
0 0.848157 0.636040 0.030449 0.054131
