0 0.392253 0.234894 0.043880 0.045713
0 0.416148 0.093028 0.048964 0.037907
0 0.650477 0.396861 0.030120 0.062241
0 0.299536 0.184889 0.046990 0.034593
0 0.284047 0.228051 0.019135 0.037583
0 0.299219 0.315019 0.034896 0.043000
0 0.545758 0.779958 0.044641 0.058065
0 0.522122 0.901880 0.043203 0.081537
0 0.876247 0.685824 0.043120 0.064241
0 0.935911 0.622468 0.064531 0.041231
0 0.934630 0.727417 0.049469 0.041870
0 0.701930 0.922972 0.039276 0.051500
0 0.455104 0.920074 0.055000 0.034593
0 0.312602 0.986009 0.030411 0.027574
0 0.326888 0.784593 0.029818 0.069185
0 0.328693 0.824394 0.062594 0.035824
0 0.389458 0.645699 0.021625 0.054361
0 0.366984 0.652190 0.031885 0.076602
0 0.017958 0.636269 0.035917 0.059574
0 0.973867 0.342838 0.027943 0.056046
0 0.986708 0.426120 0.026542 0.022611
0 0.748844 0.688019 0.018521 0.072333
