0 0.142647 0.832031 0.026471 0.025391
0 0.849632 0.837891 0.024265 0.041016
0 0.668382 0.931152 0.022059 0.028320
0 0.622426 0.250488 0.022794 0.032227
0 0.167279 0.700195 0.024265 0.033203
0 0.453676 0.295898 0.023529 0.031250
0 0.829412 0.514648 0.023529 0.029297
0 0.903676 0.844727 0.029412 0.037109
0 0.720588 0.719727 0.023529 0.039062
0 0.927941 0.579102 0.016176 0.042969
0 0.433088 0.797852 0.023529 0.042969
0 0.459191 0.582520 0.021324 0.043945
0 0.698897 0.316895 0.025735 0.022461
0 0.575735 0.712891 0.025000 0.021484
0 0.063603 0.754395 0.025735 0.045898
0 0.743382 0.380859 0.030882 0.035156
0 0.204779 0.712402 0.015441 0.045898
0 0.821324 0.236816 0.023529 0.032227
0 0.740074 0.793945 0.018382 0.056641
0 0.425000 0.334473 0.035294 0.030273
0 0.694485 0.693848 0.018382 0.049805
0 0.113603 0.754395 0.030147 0.036133
0 0.811397 0.975098 0.028676 0.030273
0 0.277941 0.519531 0.027941 0.044922
0 0.083456 0.577148 0.027206 0.041016
0 0.283456 0.016113 0.024265 0.034180
