0 0.105515 0.429199 0.022794 0.041992
0 0.467647 0.272949 0.041176 0.065430
0 0.471691 0.207520 0.052206 0.104492
0 0.305147 0.403320 0.035294 0.119141
0 0.863235 0.111816 0.048529 0.118164
0 0.438235 0.075195 0.069118 0.066406
0 0.383088 0.084473 0.075000 0.061523
0 0.440441 0.016602 0.044118 0.035156
0 0.625000 0.417480 0.052941 0.057617
0 0.826103 0.435059 0.038971 0.102539
0 0.971691 0.103027 0.053676 0.047852
0 0.341176 0.978027 0.030882 0.034180
0 0.061029 0.964355 0.052941 0.065430
0 0.894853 0.297852 0.054412 0.062500
0 0.748529 0.125977 0.066176 0.082031
0 0.835294 0.077148 0.066176 0.060547
0 0.144485 0.429688 0.033088 0.085938
0 0.105147 0.395020 0.057353 0.038086
0 0.569485 0.965820 0.034559 0.056641
0 0.825735 0.610352 0.030882 0.089844
0 0.447794 0.814941 0.029412 0.069336
0 0.015074 0.655273 0.031618 0.085938
0 0.114706 0.750488 0.027941 0.065430
0 0.330515 0.249023 0.031618 0.062500
0 0.266544 0.757812 0.050735 0.076172
0 0.667279 0.339355 0.033088 0.065430
