0 0.158273 0.530773 0.047797 0.061546
0 0.342862 0.730861 0.049266 0.033944
0 0.306242 0.717065 0.024984 0.056352
0 0.526539 0.344486 0.044745 0.044528
0 0.499763 0.367111 0.019318 0.069407
0 0.504513 0.565269 0.032984 0.056463
0 0.465635 0.668829 0.028146 0.043213
0 0.622630 0.689616 0.016094 0.081083
0 0.536706 0.743778 0.028620 0.052370
0 0.719745 0.670801 0.049906 0.037898
0 0.787846 0.738116 0.045484 0.048454
0 0.808620 0.774384 0.049531 0.043213
0 0.782799 0.883653 0.052057 0.043231
0 0.467076 0.943056 0.015401 0.091667
0 0.199435 0.946065 0.037411 0.045833
0 0.408062 0.059208 0.041125 0.062861
0 0.453294 0.150421 0.026380 0.047139
0 0.479187 0.256477 0.039625 0.053694
0 0.584531 0.020296 0.038854 0.040593
0 0.692677 0.015060 0.033271 0.030120
0 0.991927 0.504167 0.016146 0.052778
0 0.293430 0.475106 0.026443 0.057620
0 0.389299 0.651079 0.016099 0.048454
0 0.017404 0.742981 0.034807 0.069296
0 0.152354 0.126718 0.034917 0.023806
0 0.516372 0.038755 0.040036 0.042324
