0 0.609590 0.131238 0.013625 0.079307
0 0.679403 0.142735 0.036583 0.092401
0 0.598465 0.267834 0.030264 0.065371
0 0.463743 0.219777 0.038597 0.073218
0 0.838479 0.632884 0.029736 0.047946
0 0.986646 0.515817 0.026069 0.051436
0 0.543076 0.561361 0.019486 0.073218
0 0.486618 0.620161 0.045458 0.081906
0 0.126146 0.737611 0.030069 0.034629
0 0.652062 0.424480 0.020792 0.051931
0 0.910118 0.531448 0.050792 0.048045
0 0.629556 0.198564 0.028556 0.040693
0 0.803625 0.534889 0.010028 0.045025
0 0.255155 0.149765 0.021478 0.074002
0 0.246206 0.057900 0.055126 0.040829
