0 0.704779 0.122070 0.034559 0.025391
0 0.136397 0.499023 0.025735 0.033203
0 0.773529 0.469238 0.027941 0.032227
0 0.686765 0.554688 0.048529 0.031250
0 0.457353 0.283691 0.027941 0.028320
0 0.669485 0.979980 0.025735 0.038086
0 0.986765 0.117188 0.020588 0.039062
0 0.691912 0.820312 0.020588 0.042969
0 0.671324 0.568359 0.026471 0.027344
0 0.647059 0.188477 0.048529 0.027344
0 0.031618 0.169434 0.030882 0.036133
0 0.643382 0.653320 0.042647 0.046875
0 0.805147 0.136230 0.036765 0.040039
0 0.851103 0.172852 0.022794 0.056641
0 0.631250 0.134277 0.024265 0.034180
0 0.080515 0.676270 0.028676 0.079102
0 0.672794 0.660156 0.023529 0.039062
0 0.452574 0.514648 0.025735 0.039062
0 0.787132 0.474609 0.025735 0.027344
0 0.839706 0.062988 0.029412 0.030273
0 0.043750 0.558105 0.038971 0.038086
0 0.623529 0.872070 0.038235 0.058594
0 0.718015 0.724609 0.018382 0.039062
0 0.651103 0.264648 0.030147 0.042969
0 0.441544 0.391602 0.040441 0.039062
0 0.190441 0.580566 0.025000 0.041992
0 0.053676 0.494141 0.032353 0.033203
0 0.431618 0.859863 0.027941 0.034180
0 0.502574 0.339355 0.036029 0.040039
0 0.492647 0.979980 0.038235 0.038086
0 0.587132 0.061523 0.028676 0.046875
0 0.552206 0.193359 0.038235 0.064453
0 0.341912 0.791016 0.023529 0.046875
