0 0.227604 0.732870 0.035417 0.034259
0 0.459375 0.805093 0.028125 0.028704
0 0.825000 0.094444 0.023958 0.044444
0 0.728385 0.013426 0.030729 0.023148
0 0.580990 0.575926 0.019271 0.031481
0 0.200000 0.161574 0.036458 0.039815
0 0.791927 0.338889 0.015104 0.050000
0 0.640104 0.898148 0.027083 0.046296
0 0.440104 0.206019 0.031250 0.025000
0 0.488281 0.618981 0.018229 0.056481
0 0.767708 0.255093 0.023958 0.034259
0 0.593750 0.075463 0.028125 0.026852
0 0.537760 0.747222 0.016146 0.044444
0 0.533333 0.368981 0.027083 0.030556
0 0.453385 0.265741 0.016146 0.077778
0 0.591927 0.409259 0.016146 0.057407
0 0.582552 0.942130 0.051562 0.080556
0 0.530208 0.473148 0.012500 0.055556
0 0.108333 0.249074 0.019792 0.064815
0 0.590625 0.136574 0.027083 0.030556
0 0.936979 0.167593 0.044792 0.037037
0 0.852604 0.944907 0.038542 0.052778
0 0.488281 0.762037 0.022396 0.027778
0 0.620052 0.569907 0.018229 0.071296
0 0.704427 0.913426 0.036979 0.026852
0 0.387760 0.337500 0.029687 0.037963
0 0.720833 0.676852 0.019792 0.075926
0 0.889062 0.077315 0.037500 0.034259
0 0.273177 0.428241 0.035937 0.058333
0 0.913281 0.617130 0.033854 0.039815
0 0.233854 0.347222 0.021875 0.064815
0 0.536979 0.608796 0.042708 0.039815
0 0.020833 0.350926 0.030208 0.074074
0 0.261979 0.181019 0.026042 0.087963
0 0.769531 0.432870 0.027604 0.082407
0 0.316927 0.727315 0.041146 0.073148
0 0.072135 0.813426 0.021354 0.058333
0 0.312500 0.869444 0.037500 0.046296
