0 0.691927 0.407407 0.024479 0.029630
0 0.545312 0.098148 0.025000 0.044444
0 0.633854 0.250463 0.027083 0.025000
0 0.272135 0.719444 0.021354 0.061111
0 0.378385 0.886111 0.018229 0.035185
0 0.395833 0.965741 0.019792 0.064815
0 0.763281 0.421296 0.038021 0.035185
0 0.085938 0.632870 0.035417 0.058333
0 0.541927 0.390741 0.015104 0.050000
0 0.321354 0.818056 0.017708 0.087963
0 0.228906 0.225000 0.017188 0.044444
0 0.604688 0.092130 0.019792 0.045370
0 0.534375 0.810648 0.026042 0.041667
0 0.750000 0.963889 0.026042 0.070370
0 0.330729 0.769907 0.026042 0.063889
0 0.457552 0.617130 0.016146 0.043519
0 0.313802 0.423611 0.029687 0.045370
0 0.551302 0.742593 0.027604 0.027778
0 0.219010 0.961111 0.029687 0.070370
0 0.414323 0.540278 0.026562 0.026852
0 0.361458 0.535185 0.030208 0.051852
0 0.624479 0.661574 0.011458 0.045370
0 0.461198 0.480556 0.030729 0.027778
0 0.745052 0.688889 0.014063 0.053704
0 0.883333 0.917593 0.017708 0.051852
0 0.710156 0.949537 0.026562 0.045370
0 0.532813 0.546296 0.025000 0.042593
0 0.470052 0.269444 0.016146 0.048148
0 0.250781 0.940278 0.025521 0.080556
0 0.916406 0.317593 0.018229 0.057407
0 0.670052 0.106481 0.022396 0.085185
0 0.143229 0.817130 0.033333 0.119444
0 0.555208 0.054630 0.043750 0.055556
0 0.758333 0.335185 0.030208 0.059259
0 0.477604 0.071759 0.017708 0.056481
0 0.902083 0.362963 0.026042 0.057407
0 0.905729 0.495370 0.037500 0.040741
0 0.692708 0.771296 0.032292 0.035185
0 0.041927 0.652778 0.040104 0.038889
0 0.228906 0.645370 0.056771 0.064815
0 0.582031 0.960185 0.036979 0.031481
0 0.266927 0.354630 0.019271 0.062963
0 0.124740 0.823611 0.047396 0.032407
0 0.178906 0.205556 0.038021 0.048148
0 0.138802 0.537500 0.028646 0.028704
0 0.959635 0.962963 0.024479 0.050000
0 0.982031 0.704630 0.027604 0.050000
