0 0.831250 0.650990 0.040278 0.034653
0 0.020833 0.021040 0.041667 0.047030
0 0.053472 0.125000 0.031944 0.051980
0 0.723611 0.544554 0.030556 0.039604
0 0.106250 0.137376 0.040278 0.051980
0 0.314583 0.512376 0.051389 0.054455
0 0.853472 0.943069 0.045833 0.089109
0 0.670833 0.623762 0.033333 0.029703
0 0.781250 0.967822 0.029167 0.044554
0 0.242361 0.539604 0.029167 0.044554
0 0.820833 0.867574 0.033333 0.051980
0 0.231250 0.155941 0.051389 0.044554
0 0.640972 0.518564 0.040278 0.056931
0 0.175000 0.529703 0.047222 0.049505
0 0.508333 0.426980 0.044444 0.071782
0 0.148611 0.819307 0.033333 0.044554
