0 0.075694 0.024752 0.026389 0.054455
0 0.013889 0.573020 0.030556 0.042079
0 0.547222 0.384901 0.036111 0.047030
0 0.147222 0.551980 0.036111 0.054455
0 0.511111 0.352723 0.044444 0.081683
0 0.478472 0.329208 0.031944 0.074257
0 0.204861 0.144802 0.043056 0.047030
0 0.670833 0.627475 0.033333 0.032178
0 0.062500 0.157178 0.033333 0.061881
0 0.845833 0.804455 0.036111 0.039604
0 0.822222 0.871287 0.033333 0.054455
0 0.836111 0.061881 0.038889 0.049505
0 0.850000 0.943069 0.030556 0.084158
0 0.781250 0.970297 0.031944 0.049505
