0 0.504427 0.676389 0.020313 0.032407
0 0.893229 0.090741 0.028125 0.033333
0 0.463281 0.700000 0.029687 0.031481
0 0.730208 0.557407 0.031250 0.040741
0 0.743490 0.143519 0.013021 0.042593
0 0.553906 0.671759 0.027604 0.041667
0 0.943490 0.368056 0.022396 0.041667
0 0.696354 0.105093 0.039583 0.032407
0 0.388802 0.635648 0.024479 0.047222
0 0.657031 0.354630 0.026562 0.029630
0 0.580208 0.192130 0.032292 0.036111
0 0.437760 0.640278 0.022396 0.034259
0 0.265885 0.763889 0.033854 0.037037
0 0.566406 0.661111 0.015104 0.046296
0 0.140885 0.906481 0.033854 0.035185
0 0.560156 0.390741 0.015104 0.042593
0 0.296875 0.532407 0.026042 0.035185
0 0.582031 0.873611 0.022396 0.058333
0 0.899479 0.487037 0.023958 0.044444
0 0.516406 0.383796 0.017188 0.041667
0 0.789583 0.411574 0.038542 0.039815
0 0.218229 0.139352 0.025000 0.041667
0 0.952604 0.615278 0.036458 0.032407
0 0.540104 0.966204 0.026042 0.058333
0 0.363802 0.415278 0.020313 0.037963
0 0.167448 0.930093 0.032813 0.060185
0 0.683854 0.975000 0.027083 0.031481
0 0.270313 0.730556 0.031250 0.038889
0 0.652604 0.242593 0.023958 0.046296
0 0.338281 0.534722 0.022396 0.062037
0 0.372656 0.855556 0.024479 0.038889
0 0.549479 0.068056 0.043750 0.047222
0 0.505729 0.181019 0.029167 0.058333
0 0.606510 0.738426 0.015104 0.045370
0 0.203906 0.324074 0.045312 0.061111
0 0.778906 0.786111 0.029687 0.055556
0 0.695833 0.189352 0.017708 0.062037
0 0.493229 0.601852 0.031250 0.025926
0 0.332552 0.249537 0.027604 0.050926
0 0.728125 0.852315 0.034375 0.045370
0 0.948177 0.500926 0.021354 0.057407
0 0.575781 0.846296 0.027604 0.031481
0 0.500260 0.297685 0.014063 0.054630
0 0.404427 0.970370 0.018229 0.025926
0 0.153906 0.621296 0.027604 0.027778
0 0.140885 0.524074 0.027604 0.044444
