0 0.992188 0.540278 0.015625 0.045370
0 0.228906 0.830556 0.044271 0.042593
0 0.179427 0.067130 0.025521 0.084259
0 0.501302 0.491667 0.043229 0.114815
0 0.794531 0.501389 0.026562 0.069444
0 0.972656 0.732870 0.049479 0.036111
0 0.146354 0.555556 0.036458 0.070370
0 0.749479 0.170833 0.018750 0.080556
0 0.540885 0.204167 0.064062 0.058333
0 0.698177 0.797685 0.040104 0.062037
0 0.686979 0.577315 0.028125 0.084259
0 0.530729 0.192130 0.046875 0.054630
0 0.476302 0.416204 0.042188 0.067593
