0 0.297059 0.058105 0.020588 0.034180
0 0.833088 0.222656 0.035294 0.023438
0 0.808456 0.774902 0.028676 0.030273
0 0.471324 0.585938 0.019118 0.041016
0 0.444485 0.342773 0.033088 0.029297
0 0.079044 0.782227 0.018382 0.035156
0 0.706985 0.266602 0.033088 0.029297
0 0.697426 0.740234 0.047794 0.037109
0 0.762132 0.801270 0.028676 0.026367
0 0.932353 0.594238 0.026471 0.049805
0 0.291544 0.556641 0.027206 0.039062
0 0.460294 0.308105 0.030882 0.041992
0 0.886029 0.847656 0.030882 0.044922
0 0.805147 0.957520 0.032353 0.030273
0 0.739338 0.386230 0.021324 0.051758
0 0.479044 0.554688 0.033088 0.042969
0 0.067279 0.575684 0.034559 0.045898
0 0.456250 0.833984 0.016912 0.058594
0 0.157721 0.818359 0.036029 0.052734
0 0.547426 0.077148 0.033088 0.042969
