0 0.129229 0.330145 0.058940 0.208723
0 0.351362 0.361111 0.040064 0.125356
0 0.575741 0.168483 0.040024 0.083262
0 0.548538 0.045228 0.054367 0.090456
0 0.767708 0.487500 0.058333 0.043519
0 0.912070 0.494648 0.036641 0.124481
0 0.754006 0.427350 0.037660 0.047009
0 0.762300 0.394409 0.037099 0.038818
0 0.569046 0.538326 0.031522 0.066681
0 0.852195 0.718778 0.050224 0.133852
0 0.608974 0.821937 0.023237 0.089744
0 0.127544 0.410577 0.064623 0.057764
0 0.037480 0.509758 0.036418 0.041738
0 0.013021 0.524893 0.026042 0.062749
0 0.561699 0.416667 0.023237 0.056980
0 0.918670 0.179487 0.046474 0.049858
0 0.929087 0.250000 0.035256 0.076923
0 0.782512 0.083939 0.022316 0.095655
0 0.444565 0.117403 0.033922 0.034806
0 0.285657 0.188034 0.028846 0.138177
0 0.189503 0.738604 0.016026 0.045584
0 0.591747 0.327635 0.019231 0.049858
0 0.522035 0.294160 0.033654 0.045584
0 0.710337 0.356125 0.036859 0.049858
0 0.593750 0.406695 0.021635 0.031339
0 0.658253 0.919516 0.025641 0.054131
0 0.186298 0.873932 0.035256 0.039886
0 0.420272 0.645299 0.024038 0.038462
0 0.318510 0.828348 0.033654 0.068376
