0 0.233456 0.814941 0.033088 0.090820
0 0.280515 0.912598 0.036029 0.049805
0 0.020956 0.271484 0.041912 0.035156
0 0.833824 0.500977 0.026471 0.066406
0 0.894853 0.386230 0.061765 0.040039
0 0.965441 0.417480 0.058824 0.047852
0 0.615441 0.524902 0.030882 0.049805
0 0.094485 0.825195 0.043382 0.050781
0 0.320956 0.672852 0.036029 0.052734
0 0.352574 0.918945 0.030147 0.093750
0 0.542279 0.399902 0.030147 0.049805
0 0.285294 0.841309 0.047059 0.110352
0 0.183088 0.943848 0.063235 0.055664
0 0.389338 0.259766 0.030147 0.089844
0 0.309926 0.723145 0.062500 0.102539
0 0.917647 0.427734 0.075000 0.087891
0 0.965441 0.024902 0.030882 0.043945
0 0.055515 0.848145 0.047794 0.065430
0 0.976471 0.797363 0.045588 0.049805
0 0.790074 0.349609 0.047794 0.048828
0 0.167279 0.026855 0.097794 0.055664
0 0.393382 0.164062 0.054412 0.109375
0 0.597426 0.443848 0.069853 0.053711
0 0.880882 0.502441 0.061765 0.081055
0 0.065074 0.917480 0.052206 0.110352
0 0.372794 0.658691 0.038235 0.083008
0 0.430882 0.696777 0.055882 0.065430
0 0.938235 0.304688 0.082353 0.048828
0 0.309559 0.103027 0.030882 0.071289
0 0.027941 0.375977 0.048529 0.070312
0 0.040074 0.429199 0.036029 0.084961
0 0.087132 0.419434 0.028676 0.065430
0 0.417279 0.263184 0.037500 0.086914
0 0.220588 0.884766 0.045588 0.052734
0 0.469853 0.844727 0.077941 0.042969
0 0.397794 0.806152 0.060294 0.083008
0 0.529779 0.793945 0.072794 0.044922
0 0.463603 0.785156 0.078676 0.074219
0 0.340074 0.842773 0.077206 0.046875
0 0.316176 0.884277 0.048529 0.043945
0 0.981250 0.443359 0.034559 0.037109
0 0.860662 0.353516 0.075735 0.058594
0 0.659191 0.981934 0.018382 0.036133
