0 0.448969 0.540509 0.068771 0.053241
0 0.411349 0.634593 0.050823 0.046963
0 0.652958 0.346185 0.064250 0.046074
0 0.369948 0.049074 0.059688 0.055556
0 0.854943 0.623435 0.024469 0.109833
0 0.766013 0.549602 0.034109 0.084389
0 0.814237 0.308333 0.057641 0.064815
0 0.159701 0.699074 0.061068 0.083333
0 0.956581 0.547917 0.053786 0.099537
0 0.707799 0.818856 0.032266 0.085861
0 0.593135 0.940394 0.038354 0.075231
0 0.531383 0.034139 0.037766 0.068278
0 0.621057 0.234832 0.033482 0.030864
0 0.861942 0.471825 0.041543 0.024250
0 0.065497 0.919203 0.041381 0.073567
