0 0.768750 0.748611 0.018750 0.045370
0 0.639583 0.967593 0.017708 0.062963
0 0.783854 0.900000 0.016667 0.062963
0 0.745573 0.858796 0.016146 0.052778
0 0.778125 0.481019 0.020833 0.030556
0 0.547656 0.513426 0.027604 0.028704
0 0.954688 0.338426 0.040625 0.045370
0 0.518229 0.918981 0.025000 0.058333
0 0.897656 0.221759 0.032813 0.045370
0 0.802083 0.588426 0.022917 0.049074
0 0.685156 0.405556 0.023438 0.042593
0 0.830729 0.530556 0.023958 0.042593
0 0.785156 0.281481 0.020313 0.035185
0 0.769010 0.981019 0.019271 0.036111
0 0.292708 0.269907 0.023958 0.036111
