0 0.100735 0.894531 0.023529 0.023438
0 0.487132 0.514648 0.016912 0.033203
0 0.337868 0.314941 0.025735 0.036133
0 0.150368 0.558105 0.033088 0.024414
0 0.461397 0.059570 0.021324 0.048828
0 0.377574 0.170898 0.025735 0.046875
0 0.519118 0.370605 0.023529 0.051758
0 0.406985 0.224609 0.022794 0.035156
0 0.097794 0.735352 0.029412 0.025391
0 0.488603 0.664062 0.019853 0.042969
0 0.605882 0.210938 0.055882 0.052734
0 0.639706 0.622559 0.022059 0.051758
0 0.948529 0.185059 0.023529 0.038086
