0 0.716912 0.653809 0.023529 0.034180
0 0.004779 0.174805 0.011029 0.039062
0 0.258088 0.681152 0.026471 0.045898
0 0.404044 0.984863 0.016912 0.028320
0 0.165074 0.153809 0.024265 0.028320
0 0.283456 0.705566 0.028676 0.022461
0 0.834191 0.985352 0.015441 0.029297
0 0.166544 0.683105 0.018382 0.028320
0 0.838603 0.145020 0.022794 0.022461
0 0.653676 0.052734 0.019118 0.029297
0 0.763603 0.167480 0.024265 0.040039
0 0.414706 0.191406 0.023529 0.033203
0 0.774265 0.351562 0.030882 0.042969
0 0.305882 0.863281 0.017647 0.029297
0 0.277941 0.334473 0.016176 0.034180
0 0.875000 0.901855 0.023529 0.038086
0 0.194118 0.539062 0.023529 0.033203
0 0.068750 0.604980 0.034559 0.036133
0 0.616912 0.749023 0.038235 0.019531
0 0.764338 0.021484 0.013971 0.039062
0 0.369485 0.200195 0.021324 0.021484
0 0.209191 0.723145 0.028676 0.030273
