0 0.386878 0.383542 0.017505 0.067083
0 0.589576 0.149667 0.065609 0.034519
0 0.567315 0.340009 0.027339 0.072611
0 0.501289 0.410398 0.026536 0.065241
0 0.400938 0.467819 0.035208 0.031935
0 0.436216 0.820046 0.041182 0.041944
0 0.513159 0.959722 0.025276 0.080556
0 0.689302 0.787361 0.026521 0.041389
0 0.677456 0.842042 0.015328 0.104454
0 0.896143 0.765370 0.028745 0.075185
0 0.809987 0.837380 0.035599 0.067352
0 0.661833 0.654685 0.025750 0.066778
0 0.311544 0.046403 0.018922 0.077991
0 0.369172 0.102894 0.034177 0.042824
0 0.963997 0.208944 0.039453 0.041963
0 0.039667 0.653528 0.024125 0.060759
0 0.043141 0.598417 0.032115 0.052389
0 0.128193 0.713963 0.034510 0.055704
0 0.149284 0.929306 0.029818 0.069722
0 0.285500 0.207556 0.018917 0.048444
0 0.404844 0.118648 0.016979 0.074333
0 0.562104 0.249005 0.037750 0.035046
0 0.618091 0.352972 0.021599 0.061500
0 0.236378 0.214387 0.032853 0.068376
0 0.213141 0.212251 0.031250 0.098291
0 0.275641 0.648860 0.032853 0.037037
0 0.154247 0.405983 0.022436 0.052707
0 0.525240 0.858974 0.040064 0.058405
0 0.885417 0.410256 0.050481 0.041311
0 0.543670 0.556268 0.024038 0.048433
0 0.530849 0.461538 0.033654 0.027066
0 0.496394 0.880342 0.019231 0.055556
0 0.261619 0.033476 0.033654 0.042735
