0 0.725000 0.294554 0.019444 0.039604
0 0.148611 0.665842 0.030556 0.044554
0 0.198611 0.452970 0.036111 0.044554
0 0.395139 0.617574 0.034722 0.032178
0 0.692361 0.680693 0.026389 0.059406
0 0.148611 0.925743 0.044444 0.039604
0 0.347222 0.551980 0.030556 0.034653
0 0.561111 0.518564 0.022222 0.042079
0 0.650000 0.410891 0.022222 0.049505
0 0.212500 0.483911 0.027778 0.037129
0 0.537500 0.278465 0.030556 0.032178
0 0.625000 0.201733 0.033333 0.051980
0 0.858333 0.559406 0.033333 0.044554
0 0.584722 0.262376 0.016667 0.054455
0 0.679861 0.611386 0.023611 0.049505
0 0.618750 0.627475 0.023611 0.061881
0 0.375000 0.266089 0.038889 0.037129
0 0.986111 0.480198 0.022222 0.059406
0 0.782639 0.643564 0.029167 0.064356
0 0.787500 0.035891 0.027778 0.066832
