0 0.361397 0.020020 0.025735 0.038086
0 0.980147 0.419434 0.039706 0.073242
0 0.843015 0.745605 0.028676 0.049805
0 0.719485 0.060547 0.058088 0.048828
0 0.935294 0.422852 0.042647 0.054688
0 0.479044 0.165527 0.021324 0.073242
0 0.395588 0.599609 0.047059 0.054688
0 0.900000 0.747070 0.044118 0.044922
0 0.173897 0.474609 0.047794 0.044922
0 0.026471 0.143555 0.032353 0.080078
0 0.777941 0.099121 0.045588 0.067383
0 0.391176 0.333984 0.039706 0.072266
0 0.677574 0.965820 0.055147 0.056641
0 0.525000 0.931641 0.066176 0.101562
0 0.547794 0.719238 0.089706 0.069336
0 0.671691 0.070801 0.044853 0.083008
