0 0.556510 0.196759 0.021354 0.063889
0 0.225781 0.766204 0.054688 0.056481
0 0.155729 0.025463 0.030208 0.045370
0 0.223698 0.805093 0.034896 0.071296
0 0.195833 0.029630 0.020833 0.059259
0 0.398698 0.314352 0.027604 0.056481
0 0.991927 0.539352 0.015104 0.073148
0 0.530729 0.204630 0.057292 0.042593
0 0.144010 0.543981 0.024479 0.060185
0 0.748958 0.212963 0.020833 0.070370
0 0.488281 0.469907 0.032813 0.052778
0 0.694531 0.794907 0.024479 0.067593
0 0.774479 0.515278 0.031250 0.054630
0 0.906250 0.692130 0.038542 0.052778
0 0.500000 0.502778 0.047917 0.046296
