0 0.488812 0.337231 0.031792 0.067056
0 0.599221 0.572259 0.016151 0.087111
0 0.182482 0.539370 0.051422 0.049111
0 0.469641 0.950144 0.050740 0.065102
0 0.586844 0.708634 0.032021 0.050602
0 0.800091 0.717204 0.026224 0.052926
0 0.793911 0.754565 0.043031 0.085056
0 0.742549 0.666958 0.020516 0.078361
0 0.806081 0.860069 0.032995 0.047917
0 0.982615 0.498856 0.022521 0.084750
0 0.531255 0.074884 0.017719 0.075694
0 0.504047 0.035750 0.022677 0.065944
0 0.308810 0.053847 0.032203 0.059546
0 0.452554 0.728945 0.037814 0.040589
0 0.026969 0.714992 0.052797 0.027905
0 0.065140 0.727042 0.053510 0.034247
0 0.029181 0.812621 0.058362 0.030367
0 0.087614 0.802511 0.044235 0.025368
0 0.382277 0.527270 0.014269 0.055809
0 0.195705 0.185439 0.017837 0.057078
0 0.112586 0.087139 0.035674 0.038052
0 0.377640 0.028792 0.023545 0.050736
0 0.423302 0.044013 0.029252 0.053272
0 0.444706 0.116946 0.030679 0.041857
0 0.584189 0.019280 0.028539 0.026636
0 0.540668 0.415652 0.029966 0.030441
0 0.908818 0.415018 0.035674 0.034247
0 0.039098 0.231101 0.062785 0.024099
0 0.176084 0.661086 0.051370 0.054541
0 0.201413 0.936961 0.036387 0.027905
