0 0.863956 0.490083 0.023500 0.064150
0 0.969599 0.205366 0.018610 0.031826
0 0.984621 0.198960 0.013360 0.052217
0 0.993750 0.176353 0.012500 0.036299
0 0.938107 0.326270 0.032096 0.064648
0 0.947544 0.281753 0.018618 0.028350
0 0.825338 0.277861 0.021265 0.030332
0 0.802349 0.121685 0.039993 0.038291
0 0.680103 0.159668 0.021971 0.053711
0 0.537603 0.212559 0.035500 0.044258
0 0.507798 0.229888 0.031772 0.043760
0 0.545449 0.094307 0.029132 0.034316
0 0.404846 0.110869 0.031750 0.030332
0 0.051268 0.102261 0.020184 0.050225
0 0.134239 0.495103 0.028772 0.025361
0 0.361305 0.699131 0.013787 0.017402
0 0.369018 0.723867 0.026272 0.025859
0 0.494974 0.851816 0.014949 0.027852
0 0.426103 0.986816 0.037500 0.026367
0 0.908651 0.833545 0.027596 0.032324
0 0.870518 0.917207 0.038096 0.023867
0 0.862551 0.988213 0.030985 0.019395
0 0.948118 0.672383 0.019765 0.083047
0 0.285746 0.500610 0.030316 0.075439
0 0.051592 0.666572 0.031125 0.049941
0 0.347368 0.032695 0.027088 0.047813
0 0.228423 0.117813 0.039199 0.095000
0 0.173114 0.156035 0.040346 0.083555
0 0.128482 0.369668 0.043728 0.057695
0 0.116401 0.478569 0.069566 0.086045
0 0.244188 0.771846 0.032493 0.026113
0 0.405809 0.898604 0.017500 0.031582
0 0.538377 0.606216 0.022862 0.045135
0 0.818592 0.235696 0.027187 0.050880
