0 0.446776 0.658676 0.039385 0.122907
0 0.301552 0.501375 0.024979 0.065713
0 0.588586 0.636634 0.037589 0.054750
0 0.503172 0.797810 0.031344 0.099324
0 0.516318 0.941005 0.031594 0.044972
0 0.562534 0.942250 0.054234 0.054870
0 0.283250 0.685421 0.029000 0.081954
0 0.324586 0.700519 0.042922 0.028815
0 0.751424 0.455157 0.045557 0.062167
0 0.223617 0.078139 0.044109 0.069241
0 0.686812 0.510301 0.024667 0.028009
0 0.982901 0.314722 0.026219 0.075741
0 0.163599 0.267884 0.030679 0.062151
0 0.906321 0.655378 0.023545 0.058346
0 0.203910 0.798706 0.042808 0.050736
0 0.141838 0.564688 0.069920 0.034247
