0 0.235662 0.118652 0.036029 0.100586
0 0.906985 0.820312 0.022794 0.046875
0 0.490074 0.825195 0.038971 0.037109
0 0.420588 0.979980 0.020588 0.038086
0 0.606985 0.818359 0.021324 0.039062
0 0.468750 0.309570 0.018382 0.033203
0 0.383824 0.750488 0.014706 0.030273
0 0.542279 0.079102 0.030147 0.042969
0 0.407353 0.106934 0.026471 0.034180
0 0.115074 0.452148 0.047794 0.037109
0 0.811029 0.255859 0.051471 0.070312
0 0.932353 0.302734 0.022059 0.044922
0 0.986029 0.721191 0.026471 0.036133
0 0.983456 0.191895 0.033088 0.053711
0 0.109191 0.486816 0.058088 0.041992
0 0.068015 0.604980 0.036029 0.036133
0 0.398529 0.888184 0.027941 0.034180
0 0.867647 0.899902 0.032353 0.032227
0 0.170588 0.155273 0.033824 0.093750
0 0.872426 0.492188 0.047794 0.050781
0 0.246324 0.768066 0.038235 0.026367
0 0.365074 0.710449 0.022794 0.051758
0 0.948529 0.662598 0.022059 0.057617
0 0.254779 0.608887 0.021324 0.063477
0 0.050368 0.104980 0.022794 0.045898
0 0.503676 0.910156 0.064706 0.052734
0 0.122059 0.363281 0.035294 0.048828
0 0.344485 0.023438 0.028676 0.044922
0 0.387500 0.571777 0.030882 0.034180
0 0.804412 0.111816 0.035294 0.045898
0 0.044118 0.665527 0.030882 0.026367
0 0.676103 0.149902 0.022794 0.051758
0 0.286397 0.499023 0.022794 0.074219
0 0.510662 0.238770 0.047794 0.053711
0 0.510294 0.208984 0.052941 0.041016
