0 0.202604 0.807870 0.037500 0.106481
0 0.489323 0.518056 0.025521 0.086111
0 0.637500 0.026852 0.035417 0.038889
0 0.663281 0.803241 0.034896 0.036111
0 0.985156 0.541667 0.029687 0.040741
0 0.871354 0.727315 0.020833 0.063889
0 0.501302 0.493056 0.041146 0.058333
0 0.767708 0.287037 0.022917 0.055556
0 0.526302 0.215278 0.018229 0.075000
0 0.703906 0.571759 0.033854 0.063889
0 0.229427 0.807407 0.032813 0.079630
0 0.554688 0.224537 0.025000 0.058333
0 0.167187 0.024537 0.041667 0.045370
