0 0.600781 0.043384 0.056771 0.029361
0 0.308159 0.140181 0.030901 0.084065
0 0.148107 0.204782 0.023297 0.061417
0 0.904216 0.662796 0.049057 0.097815
0 0.788961 0.461338 0.058130 0.056009
0 0.616008 0.488199 0.027849 0.054176
0 0.645448 0.325884 0.058604 0.059176
0 0.612242 0.656306 0.023443 0.066315
0 0.243432 0.733176 0.053531 0.034870
0 0.095353 0.246439 0.034455 0.064103
0 0.146234 0.264245 0.038462 0.062678
0 0.054888 0.470085 0.024038 0.064103
0 0.145833 0.336895 0.037660 0.045584
0 0.202724 0.722222 0.026442 0.038462
0 0.498397 0.719373 0.036058 0.055556
0 0.609375 0.782764 0.028846 0.071225
0 0.646234 0.263533 0.024038 0.038462
0 0.763622 0.264957 0.039263 0.072650
0 0.966346 0.159544 0.053686 0.049858
0 0.517228 0.496439 0.025641 0.031339
0 0.863381 0.811254 0.027244 0.056980
0 0.800481 0.032764 0.023237 0.058405
0 0.762420 0.036325 0.024038 0.054131
0 0.586538 0.012821 0.032853 0.018519
0 0.788462 0.369658 0.040865 0.048433
0 0.654247 0.835470 0.014423 0.034188
0 0.104567 0.606125 0.025641 0.056980
0 0.741587 0.319801 0.022436 0.042735
