0 0.013281 0.901852 0.026562 0.046296
0 0.940104 0.205093 0.035417 0.052778
0 0.580208 0.661111 0.020833 0.040741
0 0.449479 0.806481 0.022917 0.025926
0 0.407813 0.557870 0.025000 0.026852
0 0.753906 0.961111 0.017188 0.044444
0 0.967708 0.767130 0.017708 0.060185
0 0.329427 0.577315 0.024479 0.041667
0 0.142708 0.515741 0.039583 0.035185
0 0.332552 0.885185 0.021354 0.057407
0 0.245312 0.675000 0.029167 0.031481
0 0.335156 0.254630 0.021354 0.031481
0 0.500781 0.867593 0.014063 0.040741
0 0.962760 0.066204 0.024479 0.050926
0 0.450781 0.180556 0.016146 0.048148
0 0.486979 0.295833 0.034375 0.043519
0 0.049740 0.418519 0.041146 0.075926
0 0.559375 0.748611 0.027083 0.045370
0 0.270052 0.455556 0.039062 0.035185
0 0.279427 0.251389 0.040104 0.049074
0 0.517708 0.593056 0.022917 0.028704
0 0.537500 0.042593 0.028125 0.053704
0 0.494531 0.700926 0.032813 0.053704
0 0.576562 0.843981 0.034375 0.076852
0 0.168229 0.960648 0.033333 0.032407
0 0.650260 0.656481 0.022396 0.064815
0 0.748177 0.791667 0.026562 0.048148
0 0.778906 0.156019 0.025521 0.039815
0 0.626563 0.494907 0.018750 0.065741
0 0.833333 0.554167 0.030208 0.054630
0 0.808333 0.416204 0.017708 0.043519
0 0.313281 0.123611 0.018229 0.047222
0 0.775000 0.681481 0.034375 0.033333
0 0.216406 0.305093 0.029687 0.041667
