0 0.512404 0.435560 0.020641 0.074824
0 0.590406 0.529477 0.036021 0.068213
0 0.528591 0.304315 0.028016 0.025296
0 0.417281 0.148097 0.023104 0.033231
0 0.457398 0.658097 0.026255 0.032861
0 0.440242 0.645889 0.026318 0.034370
0 0.377299 0.717407 0.047307 0.029259
0 0.182669 0.529704 0.041380 0.052000
0 0.737734 0.670690 0.022344 0.106194
0 0.788682 0.726616 0.050281 0.042120
0 0.808299 0.774282 0.047849 0.044861
0 0.789341 0.839569 0.016182 0.080991
0 0.904078 0.404042 0.027948 0.065491
0 0.981250 0.491690 0.019792 0.087083
0 0.469117 0.938426 0.039276 0.067593
0 0.393443 0.062778 0.046260 0.036667
0 0.508042 0.033227 0.014000 0.066454
0 0.424742 0.016037 0.035943 0.032074
0 0.533214 0.081856 0.041427 0.085935
0 0.582206 0.017759 0.036286 0.035519
0 0.117898 0.092625 0.048297 0.038954
0 0.266104 0.135319 0.025958 0.031750
0 0.175714 0.114417 0.027469 0.043648
0 0.199272 0.928082 0.027825 0.038052
