0 0.445956 0.869141 0.028676 0.021484
0 0.221324 0.365234 0.022059 0.031250
0 0.828676 0.518066 0.022059 0.032227
0 0.820956 0.250488 0.024265 0.047852
0 0.490074 0.304688 0.024265 0.029297
0 0.575368 0.712891 0.025735 0.023438
0 0.846691 0.979980 0.021324 0.036133
0 0.723897 0.318848 0.018382 0.047852
0 0.433456 0.769531 0.028676 0.046875
0 0.923529 0.844238 0.033824 0.030273
0 0.176838 0.667480 0.018382 0.045898
0 0.241912 0.924316 0.027941 0.038086
0 0.934191 0.568359 0.033088 0.039062
0 0.089706 0.577148 0.023529 0.035156
0 0.704779 0.785156 0.028676 0.025391
0 0.052206 0.734863 0.025000 0.036133
0 0.279044 0.521484 0.033088 0.029297
0 0.685294 0.677734 0.029412 0.052734
0 0.719485 0.273438 0.025735 0.033203
