0 0.557466 0.460602 0.034724 0.108241
0 0.318898 0.851032 0.025297 0.120583
0 0.392930 0.382944 0.032734 0.051074
0 0.432388 0.100292 0.025193 0.083917
0 0.283346 0.129866 0.039609 0.091213
0 0.866958 0.937273 0.042250 0.091213
0 0.877370 0.900097 0.041198 0.109454
0 0.979948 0.856944 0.040104 0.084259
0 0.979320 0.787148 0.034682 0.066889
0 0.945583 0.299806 0.045333 0.025537
0 0.924299 0.318199 0.034016 0.082694
0 0.561953 0.826880 0.040573 0.077833
0 0.507523 0.863111 0.058797 0.078074
0 0.826154 0.064579 0.047099 0.036565
0 0.062711 0.526940 0.063864 0.068342
