0 0.283034 0.189366 0.045234 0.043546
0 0.398083 0.224755 0.046167 0.040250
0 0.645505 0.367556 0.045177 0.033259
0 0.572956 0.555676 0.017786 0.055796
0 0.552161 0.792921 0.026198 0.080287
0 0.382958 0.748898 0.036750 0.044093
0 0.395776 0.604069 0.023844 0.054435
0 0.368674 0.567569 0.018599 0.057361
0 0.323870 0.719454 0.028990 0.066685
0 0.539818 0.904139 0.026510 0.076796
0 0.695260 0.915144 0.050937 0.056213
0 0.858333 0.960185 0.029167 0.079630
0 0.930823 0.709481 0.052271 0.052296
0 0.917521 0.605542 0.053792 0.033306
0 0.973607 0.304954 0.052422 0.061759
0 0.028805 0.620981 0.057609 0.053074
0 0.307214 0.353968 0.030052 0.041269
0 0.051779 0.292500 0.058766 0.035000
0 0.150904 0.282125 0.046599 0.049435
0 0.332159 0.963556 0.034109 0.051185
0 0.903594 0.558398 0.045729 0.061241
0 0.423659 0.068113 0.015696 0.058346
