0 0.489706 0.840820 0.038235 0.039062
0 0.483088 0.916016 0.023529 0.042969
0 0.170956 0.164062 0.038971 0.099609
0 0.384191 0.750488 0.015441 0.030273
0 0.472794 0.306641 0.032353 0.039062
0 0.254044 0.617188 0.028676 0.035156
0 0.984926 0.728027 0.015441 0.036133
0 0.233824 0.108398 0.030882 0.091797
0 0.508456 0.229980 0.041912 0.049805
0 0.868015 0.986816 0.033088 0.024414
0 0.415441 0.894531 0.044118 0.037109
0 0.605147 0.822266 0.017647 0.039062
0 0.983456 0.191895 0.033088 0.041992
0 0.930515 0.316895 0.028676 0.049805
0 0.421691 0.985352 0.037500 0.029297
0 0.908456 0.832031 0.030147 0.041016
0 0.868382 0.915527 0.030882 0.030273
0 0.818750 0.257812 0.031618 0.072266
0 0.245956 0.766602 0.037500 0.027344
0 0.344118 0.031738 0.023529 0.053711
0 0.544485 0.090820 0.025735 0.037109
0 0.122059 0.365234 0.030882 0.052734
0 0.408088 0.108398 0.035294 0.035156
0 0.951103 0.672363 0.021324 0.061523
0 0.049632 0.103027 0.025735 0.051758
0 0.284191 0.499023 0.022794 0.070312
0 0.677206 0.156738 0.022059 0.053711
0 0.860294 0.490234 0.030882 0.058594
0 0.079412 0.603516 0.035294 0.027344
0 0.387500 0.571777 0.032353 0.032227
0 0.047426 0.653320 0.025735 0.037109
0 0.801103 0.117188 0.034559 0.044922
0 0.367279 0.710938 0.027206 0.046875
0 0.113235 0.495605 0.055882 0.041992
0 0.988603 0.117188 0.022794 0.058594
0 0.123162 0.351562 0.036029 0.029297
