0 0.793750 0.522277 0.020833 0.074257
0 0.245833 0.144802 0.041667 0.042079
0 0.214583 0.483911 0.031944 0.037129
0 0.809722 0.363861 0.030556 0.064356
0 0.259028 0.420792 0.023611 0.039604
0 0.131250 0.674505 0.034722 0.027228
0 0.198611 0.450495 0.030556 0.039604
0 0.781250 0.030941 0.026389 0.066832
0 0.581944 0.273515 0.016667 0.071782
0 0.128472 0.592822 0.034722 0.032178
0 0.537500 0.266089 0.019444 0.061881
0 0.604861 0.637376 0.031944 0.042079
0 0.761111 0.665842 0.022222 0.049505
0 0.972222 0.426980 0.030556 0.042079
0 0.237500 0.325495 0.033333 0.042079
0 0.623611 0.194307 0.033333 0.051980
0 0.150000 0.923267 0.047222 0.039604
0 0.648611 0.407178 0.022222 0.051980
0 0.648611 0.555693 0.030556 0.061881
0 0.375000 0.261139 0.038889 0.037129
0 0.351389 0.561881 0.030556 0.059406
0 0.840972 0.451733 0.020833 0.071782
