0 0.168722 0.433304 0.039983 0.036146
0 0.299874 0.217415 0.035822 0.058427
0 0.618206 0.025654 0.024647 0.031777
0 0.604054 0.160594 0.025754 0.030173
0 0.625143 0.382100 0.039993 0.031777
0 0.353654 0.415508 0.038191 0.026328
0 0.373816 0.360723 0.019691 0.028086
0 0.643827 0.581426 0.036184 0.028086
0 0.919838 0.606934 0.036735 0.030273
0 0.772051 0.216191 0.030868 0.028086
0 0.503710 0.350703 0.028007 0.041250
0 0.401316 0.658820 0.037926 0.024671
0 0.359520 0.772924 0.030186 0.049342
0 0.401316 0.791427 0.039474 0.026727
0 0.777864 0.502056 0.046440 0.027755
