0 0.639583 0.019444 0.016667 0.040741
0 0.161979 0.026389 0.028125 0.047222
0 0.982812 0.527315 0.034375 0.043519
0 0.108073 0.493056 0.019271 0.073148
0 0.223958 0.807407 0.026042 0.083333
0 0.200000 0.810648 0.035417 0.087963
0 0.670833 0.805556 0.018750 0.083333
0 0.698177 0.565741 0.026562 0.088889
0 0.556771 0.225463 0.052083 0.049074
0 0.498437 0.507870 0.050000 0.063889
0 0.766406 0.292593 0.035937 0.048148
0 0.518750 0.219907 0.022917 0.052778
0 0.846875 0.737500 0.048958 0.041667
0 0.370833 0.324074 0.021875 0.064815
