0 0.417068 0.027208 0.019552 0.054417
0 0.473393 0.015694 0.034286 0.031389
0 0.579815 0.019537 0.033589 0.039074
0 0.684354 0.019537 0.032250 0.039074
0 0.518346 0.321019 0.031484 0.062407
0 0.401404 0.461343 0.021557 0.074537
0 0.154469 0.533463 0.049562 0.028037
0 0.596911 0.729940 0.044865 0.050620
0 0.675794 0.669639 0.030755 0.048537
0 0.792279 0.719287 0.041849 0.044130
0 0.809018 0.776014 0.044078 0.031657
0 0.755271 0.891065 0.034500 0.050648
0 0.460229 0.966602 0.030875 0.066537
0 0.177836 0.484065 0.030672 0.053315
0 0.451448 0.095255 0.042479 0.059028
0 0.435594 0.326912 0.031604 0.085306
0 0.047367 0.652273 0.025984 0.054546
0 0.545909 0.533069 0.019943 0.066139
0 0.577378 0.690606 0.021422 0.060843
0 0.487284 0.705954 0.042276 0.030426
0 0.636896 0.087171 0.015458 0.050269
0 0.263799 0.346824 0.019266 0.043648
0 0.276327 0.454338 0.036387 0.044394
0 0.078339 0.238711 0.055651 0.046930
0 0.991938 0.524099 0.014983 0.067225
0 0.212471 0.943937 0.045662 0.034247
