0 0.052604 0.520370 0.038542 0.053704
0 0.990625 0.713426 0.017708 0.043519
0 0.822656 0.842593 0.027604 0.066667
0 0.511979 0.864352 0.030208 0.039815
0 0.582031 0.420370 0.017188 0.050000
0 0.831250 0.045370 0.051042 0.050000
0 0.595052 0.221759 0.044271 0.036111
0 0.561458 0.233796 0.027083 0.062037
0 0.477604 0.840278 0.029167 0.039815
0 0.417708 0.366204 0.043750 0.063889
0 0.532552 0.027315 0.017188 0.052778
0 0.314583 0.831019 0.040625 0.086111
0 0.085156 0.568056 0.035937 0.058333
0 0.402604 0.764815 0.033333 0.070370
0 0.730208 0.503704 0.033333 0.046296
0 0.423958 0.126389 0.030208 0.082407
0 0.548698 0.467593 0.025521 0.101852
0 0.863281 0.902778 0.040104 0.100000
