0 0.561979 0.225926 0.023958 0.064815
0 0.190104 0.842593 0.020833 0.048148
0 0.637500 0.020370 0.017708 0.040741
0 0.487500 0.524074 0.035417 0.085185
0 0.657552 0.803704 0.036979 0.033333
0 0.159635 0.015741 0.044271 0.031481
0 0.515885 0.505556 0.045312 0.059259
0 0.762500 0.287963 0.038542 0.057407
0 0.985156 0.529167 0.029687 0.052778
0 0.842708 0.734259 0.032292 0.051852
0 0.702604 0.566204 0.037500 0.067593
0 0.367448 0.331944 0.035937 0.032407
0 0.221875 0.806481 0.026042 0.087037
