0 0.353766 0.624644 0.022436 0.056980
0 0.631811 0.571225 0.059295 0.115385
0 0.380609 0.546296 0.029647 0.094017
0 0.201700 0.891649 0.030083 0.071759
0 0.041883 0.231481 0.054599 0.037037
0 0.338240 0.126620 0.037938 0.118056
0 0.355432 0.084954 0.027531 0.062500
0 0.167468 0.267806 0.044071 0.092593
0 0.586138 0.306268 0.048077 0.143875
0 0.863381 0.269231 0.040064 0.086895
0 0.918670 0.314815 0.027244 0.081197
0 0.628606 0.923789 0.032051 0.148148
0 0.953926 0.972222 0.057692 0.048433
0 0.969551 0.920228 0.045673 0.055556
0 0.635417 0.836895 0.036058 0.056980
0 0.470753 0.124644 0.019231 0.111111
0 0.400240 0.079060 0.028846 0.113960
0 0.669071 0.147436 0.032853 0.074074
0 0.983574 0.326923 0.027244 0.062678
0 0.555689 0.947293 0.049679 0.075499
