0 0.173182 0.863681 0.033865 0.034769
0 0.408732 0.394565 0.025797 0.055796
0 0.470932 0.539343 0.025198 0.087944
0 0.578128 0.370329 0.012505 0.048065
0 0.587742 0.407431 0.020276 0.059306
0 0.659802 0.384630 0.038354 0.047037
0 0.341073 0.470287 0.032146 0.027611
0 0.172565 0.271264 0.064922 0.077713
0 0.059646 0.221870 0.039083 0.149296
0 0.099336 0.279972 0.051797 0.056241
0 0.135492 0.350083 0.039734 0.040907
0 0.174143 0.435264 0.080578 0.109417
0 0.341182 0.261829 0.027156 0.034769
0 0.295464 0.105028 0.026344 0.037833
0 0.399411 0.118755 0.016531 0.024546
0 0.343443 0.067551 0.022302 0.048065
0 0.440945 0.099282 0.016266 0.033750
0 0.424297 0.177917 0.027760 0.022500
0 0.583779 0.055551 0.024849 0.068509
0 0.661979 0.068435 0.042708 0.027611
0 0.669766 0.037949 0.039531 0.038861
0 0.564656 0.026074 0.013687 0.052148
0 0.699521 0.360903 0.018833 0.034769
0 0.718268 0.473324 0.018828 0.042944
0 0.688102 0.509370 0.033495 0.031704
0 0.700099 0.661194 0.028323 0.040907
0 0.776771 0.855829 0.030625 0.044991
0 0.754339 0.853468 0.015969 0.043972
0 0.880987 0.549708 0.018224 0.062380
0 0.756638 0.375787 0.020568 0.046019
0 0.775690 0.367384 0.024297 0.034769
0 0.820276 0.533801 0.022844 0.049083
0 0.882781 0.844815 0.028063 0.047037
0 0.855208 0.974074 0.019792 0.051852
0 0.871742 0.968032 0.023693 0.058287
0 0.353859 0.745894 0.036885 0.030676
0 0.343112 0.713556 0.025807 0.041926
0 0.282505 0.790907 0.016052 0.013296
0 0.114005 0.670963 0.026969 0.041926
0 0.059510 0.693630 0.019021 0.031704
0 0.069536 0.748296 0.032823 0.052148
