0 0.157639 0.961634 0.037500 0.071782
0 0.364583 0.483911 0.023611 0.071782
0 0.352083 0.501238 0.023611 0.047030
0 0.261111 0.945545 0.030556 0.039604
0 0.988194 0.774752 0.023611 0.069307
0 0.634028 0.823020 0.026389 0.071782
0 0.538194 0.110149 0.040278 0.076733
0 0.275000 0.632426 0.066667 0.051980
0 0.738194 0.642327 0.051389 0.042079
0 0.200694 0.103960 0.029167 0.074257
0 0.842361 0.757426 0.051389 0.074257
0 0.089583 0.876238 0.037500 0.074257
0 0.086111 0.357673 0.038889 0.081683
