0 0.003906 0.805556 0.008854 0.061111
0 0.811979 0.620833 0.033333 0.034259
0 0.494531 0.428241 0.024479 0.030556
0 0.425000 0.475926 0.016667 0.044444
0 0.579427 0.854630 0.035937 0.035185
0 0.186458 0.183796 0.035417 0.037963
0 0.157031 0.382407 0.023438 0.053704
0 0.302865 0.218981 0.056771 0.043519
0 0.420833 0.048148 0.020833 0.046296
0 0.983073 0.844907 0.016146 0.060185
0 0.769531 0.642593 0.022396 0.070370
0 0.560156 0.516204 0.020313 0.097222
0 0.773958 0.590741 0.039583 0.066667
0 0.887760 0.118981 0.025521 0.045370
0 0.440104 0.734259 0.023958 0.075926
0 0.336979 0.090741 0.041667 0.042593
0 0.694531 0.879167 0.024479 0.060185
0 0.468229 0.888426 0.023958 0.028704
0 0.325781 0.783796 0.028646 0.037963
0 0.966406 0.441204 0.039062 0.043519
0 0.245312 0.188889 0.029167 0.050000
0 0.203385 0.518519 0.024479 0.053704
0 0.471354 0.539815 0.036458 0.035185
0 0.742448 0.375000 0.031771 0.044444
0 0.646354 0.626852 0.030208 0.038889
0 0.548698 0.506481 0.033854 0.024074
