0 0.119531 0.520370 0.031771 0.057407
0 0.008073 0.467130 0.017188 0.063889
0 0.145052 0.543056 0.054688 0.037963
0 0.767188 0.169444 0.034375 0.038889
0 0.466406 0.880093 0.052604 0.041667
0 0.467187 0.525926 0.023958 0.066667
0 0.328125 0.118056 0.029167 0.075000
0 0.360677 0.055556 0.052604 0.055556
0 0.922656 0.706944 0.035937 0.049074
0 0.646354 0.112500 0.028125 0.050926
0 0.882812 0.131019 0.045833 0.076852
0 0.373437 0.923148 0.023958 0.064815
0 0.936979 0.525926 0.057292 0.048148
0 0.409375 0.508333 0.035417 0.072222
