0 0.196029 0.169588 0.054557 0.065102
0 0.290185 0.105676 0.051203 0.048389
0 0.330635 0.233037 0.030021 0.108667
0 0.530228 0.363746 0.036498 0.083048
0 0.729659 0.356907 0.049943 0.036037
0 0.032766 0.317083 0.038448 0.048981
0 0.233255 0.362005 0.033177 0.057343
0 0.114263 0.725306 0.039984 0.046907
0 0.385182 0.623657 0.043281 0.051019
0 0.604680 0.633843 0.039568 0.034352
0 0.703013 0.686639 0.042484 0.047352
0 0.881688 0.826505 0.029000 0.106713
0 0.805893 0.397667 0.029495 0.080519
0 0.761297 0.365940 0.026760 0.068917
0 0.676411 0.225616 0.065323 0.038269
0 0.495167 0.040380 0.041375 0.056685
0 0.225443 0.025097 0.059219 0.050194
0 0.074133 0.273782 0.058682 0.060528
0 0.081537 0.537203 0.051696 0.070132
0 0.180922 0.417579 0.053510 0.057380
0 0.026255 0.837606 0.051469 0.034472
0 0.360117 0.971296 0.049401 0.057407
0 0.486341 0.665796 0.028932 0.051963
0 0.641674 0.498620 0.042724 0.060204
0 0.689042 0.480333 0.041625 0.103259
0 0.785057 0.444676 0.029490 0.096759
0 0.646469 0.763282 0.052313 0.067306
0 0.767284 0.741287 0.033526 0.082574
0 0.729398 0.878593 0.065047 0.029407
0 0.905308 0.902030 0.049159 0.094801
0 0.263849 0.504407 0.040198 0.058815
0 0.308286 0.727398 0.043656 0.091833
0 0.457532 0.349715 0.024840 0.102564
0 0.617180 0.048259 0.022901 0.096519
0 0.066106 0.204416 0.049679 0.048433
0 0.026442 0.879630 0.052083 0.034188
0 0.027244 0.922365 0.052083 0.071225
0 0.024439 0.953704 0.032051 0.071225
0 0.059295 0.918803 0.034455 0.064103
0 0.084135 0.948718 0.052083 0.047009
0 0.080128 0.853989 0.031250 0.071225
0 0.144231 0.974359 0.032853 0.032764
0 0.171555 0.978526 0.031088 0.041097
0 0.218750 0.962963 0.071314 0.044160
0 0.194311 0.873932 0.032051 0.074074
0 0.161859 0.819801 0.052083 0.039886
0 0.288862 0.879630 0.064103 0.048433
0 0.344551 0.894587 0.056891 0.047009
0 0.288061 0.853276 0.038462 0.047009
0 0.208333 0.730057 0.029647 0.068376
0 0.217147 0.757123 0.042468 0.051282
0 0.250801 0.777778 0.037660 0.075499
0 0.231971 0.691595 0.033654 0.062678
0 0.131410 0.665242 0.034455 0.055556
0 0.089744 0.475783 0.045673 0.066952
0 0.072115 0.438034 0.037660 0.074074
0 0.045272 0.440883 0.040064 0.056980
0 0.017628 0.351852 0.031250 0.029915
0 0.021034 0.381153 0.042067 0.042933
0 0.062901 0.373219 0.059295 0.049858
0 0.137821 0.484330 0.050481 0.075499
0 0.143429 0.521368 0.024840 0.078348
0 0.184696 0.524929 0.036859 0.074074
0 0.223958 0.594729 0.030449 0.085470
0 0.262019 0.616097 0.042468 0.042735
0 0.257612 0.597578 0.032051 0.096866
0 0.281651 0.561966 0.056090 0.028490
0 0.222756 0.534188 0.044071 0.035613
0 0.121394 0.201567 0.046474 0.059829
0 0.163061 0.236467 0.049679 0.044160
0 0.079327 0.061966 0.060096 0.042735
0 0.075321 0.032051 0.034455 0.062678
0 0.125401 0.057692 0.036859 0.102564
0 0.150240 0.072650 0.059295 0.038462
0 0.159856 0.106125 0.043269 0.037037
0 0.194712 0.096866 0.045673 0.044160
0 0.175080 0.044160 0.057692 0.038462
0 0.240785 0.086895 0.056090 0.032764
0 0.252003 0.171652 0.030449 0.085470
0 0.289663 0.121083 0.043269 0.069801
0 0.286058 0.183048 0.052083 0.074074
0 0.258413 0.240741 0.040064 0.052707
0 0.250401 0.282051 0.044872 0.061254
0 0.262019 0.352564 0.034455 0.071225
0 0.272436 0.346154 0.037660 0.081197
0 0.294071 0.393875 0.029647 0.071225
0 0.231571 0.413818 0.032853 0.059829
0 0.185897 0.299145 0.058494 0.075499
0 0.191506 0.344017 0.031250 0.071225
0 0.217548 0.321225 0.027244 0.037037
0 0.369391 0.217949 0.053686 0.072650
0 0.368990 0.136040 0.017628 0.113960
0 0.364583 0.054131 0.042468 0.044160
0 0.363782 0.018519 0.040865 0.032764
0 0.390224 0.123932 0.048878 0.041311
0 0.407452 0.173077 0.035256 0.088319
0 0.430689 0.085470 0.022436 0.089744
0 0.453526 0.130342 0.028045 0.094017
0 0.463942 0.227920 0.023237 0.058405
0 0.497596 0.125356 0.020032 0.089744
0 0.491186 0.234330 0.021635 0.059829
0 0.364984 0.270655 0.040064 0.032764
0 0.386619 0.391026 0.059295 0.074074
0 0.415064 0.480057 0.029647 0.095442
0 0.392228 0.530627 0.054487 0.048433
0 0.407051 0.547721 0.047276 0.031339
0 0.354567 0.638177 0.019231 0.081197
0 0.333333 0.632479 0.023237 0.069801
0 0.371795 0.687322 0.028045 0.088319
0 0.410657 0.707265 0.016026 0.096866
0 0.375000 0.817664 0.026442 0.058405
0 0.396635 0.876781 0.044071 0.113960
0 0.414663 0.793447 0.020833 0.081197
0 0.423478 0.777778 0.035256 0.049858
0 0.467147 0.844017 0.028045 0.071225
0 0.475962 0.933048 0.050481 0.027066
0 0.466346 0.965100 0.026442 0.065527
0 0.529647 0.948006 0.020032 0.082621
0 0.506410 0.972934 0.023237 0.044160
0 0.517228 0.805556 0.035256 0.051282
0 0.559295 0.920940 0.061699 0.048433
0 0.569712 0.856838 0.015224 0.079772
0 0.565304 0.824074 0.033654 0.088319
0 0.552885 0.899573 0.029647 0.068376
0 0.558093 0.769943 0.048077 0.065527
0 0.521234 0.693020 0.028846 0.065527
0 0.602965 0.705840 0.049679 0.028490
0 0.604968 0.789174 0.052083 0.041311
0 0.600962 0.786325 0.012019 0.084046
0 0.655449 0.878917 0.031250 0.072650
0 0.647035 0.932336 0.044872 0.031339
0 0.615660 0.967842 0.015775 0.062464
0 0.725962 0.933761 0.036058 0.085470
0 0.691506 0.894587 0.053686 0.075499
0 0.671074 0.775641 0.038462 0.113960
0 0.701122 0.790598 0.028045 0.121083
0 0.763622 0.792023 0.061699 0.032764
0 0.790064 0.858974 0.058494 0.078348
0 0.818109 0.783476 0.047276 0.092593
0 0.837740 0.762821 0.024038 0.111111
0 0.851362 0.782051 0.028846 0.098291
0 0.801683 0.715100 0.060897 0.066952
0 0.822917 0.658832 0.040865 0.088319
0 0.857372 0.720798 0.044071 0.075499
0 0.892628 0.697293 0.018429 0.105413
0 0.915064 0.704416 0.047276 0.094017
0 0.487179 0.417379 0.032853 0.047009
0 0.494391 0.487179 0.066506 0.081197
0 0.447917 0.581909 0.018429 0.062678
0 0.473558 0.611111 0.029647 0.049858
0 0.506410 0.599003 0.047276 0.048433
0 0.546474 0.693020 0.029647 0.048433
0 0.600561 0.601852 0.040064 0.045584
0 0.572917 0.491453 0.036058 0.064103
0 0.586538 0.438034 0.023237 0.111111
0 0.600561 0.535613 0.022436 0.092593
0 0.635016 0.579772 0.052885 0.058405
0 0.705929 0.539886 0.058494 0.035613
0 0.641026 0.641026 0.045673 0.061254
0 0.729968 0.646011 0.053686 0.042735
0 0.733974 0.609687 0.015224 0.058405
0 0.798077 0.639601 0.044071 0.052707
0 0.775240 0.930199 0.064103 0.066952
0 0.816578 0.968554 0.040723 0.061040
0 0.941106 0.905271 0.028846 0.051282
0 0.979968 0.945157 0.034455 0.074074
0 0.979507 0.835871 0.039944 0.054933
0 0.975962 0.693732 0.044071 0.047009
0 0.917067 0.596154 0.036859 0.039886
0 0.899439 0.608974 0.049679 0.048433
0 0.865785 0.641738 0.025641 0.091168
0 0.883413 0.481481 0.016026 0.066952
0 0.899038 0.486467 0.034455 0.079772
0 0.818109 0.543447 0.023237 0.099715
0 0.949119 0.505698 0.048077 0.032764
0 0.961138 0.461538 0.062500 0.072650
0 0.983974 0.490028 0.029647 0.072650
0 0.895833 0.386752 0.024840 0.074074
0 0.921074 0.396011 0.057692 0.055556
0 0.947115 0.359687 0.018429 0.113960
0 0.977163 0.373932 0.024038 0.088319
0 0.979507 0.343230 0.039944 0.049708
0 0.986779 0.314103 0.024038 0.068376
0 0.972696 0.263956 0.053566 0.033610
0 0.934295 0.224359 0.042468 0.042735
0 0.889824 0.285613 0.062500 0.102564
0 0.836538 0.192308 0.039263 0.123932
0 0.821715 0.273504 0.044872 0.052707
0 0.906250 0.191595 0.016827 0.082621
0 0.955128 0.168803 0.063301 0.034188
0 0.991987 0.149573 0.012019 0.112536
0 0.955529 0.083333 0.036859 0.082621
0 0.900240 0.102564 0.038462 0.049858
0 0.851763 0.113960 0.040865 0.044160
0 0.918269 0.042735 0.048878 0.061254
0 0.773638 0.087607 0.020833 0.082621
0 0.761218 0.205128 0.044071 0.058405
0 0.774038 0.279202 0.032853 0.038462
0 0.722356 0.252849 0.033654 0.045584
0 0.708333 0.081909 0.032853 0.048433
0 0.703926 0.035613 0.040064 0.064103
0 0.735176 0.049145 0.040064 0.094017
0 0.755208 0.062678 0.020833 0.061254
0 0.580128 0.146011 0.042468 0.022792
0 0.616587 0.168091 0.040064 0.047009
0 0.560497 0.067664 0.020833 0.068376
0 0.596554 0.022080 0.028846 0.042735
0 0.536058 0.374644 0.052083 0.024217
0 0.732372 0.483618 0.047276 0.034188
0 0.748798 0.436610 0.030449 0.079772
0 0.645032 0.133191 0.032853 0.056980
0 0.589343 0.094017 0.044872 0.029915
0 0.417869 0.317664 0.040064 0.024217
0 0.309295 0.490028 0.034455 0.044160
0 0.440304 0.655983 0.043269 0.056980
0 0.309696 0.041311 0.016026 0.075499
0 0.024840 0.063390 0.048878 0.048433
0 0.661859 0.026353 0.032853 0.045584
0 0.280849 0.028490 0.038462 0.055556
