0 0.013194 0.525990 0.026389 0.042079
0 0.824306 0.881188 0.026389 0.044554
0 0.873611 0.823020 0.016667 0.061881
0 0.298611 0.292079 0.033333 0.039604
0 0.039583 0.573020 0.051389 0.042079
0 0.561111 0.349010 0.025000 0.054455
0 0.670139 0.627475 0.034722 0.032178
0 0.834028 0.073020 0.037500 0.051980
0 0.073611 0.217822 0.030556 0.064356
0 0.545833 0.309406 0.055556 0.064356
0 0.786111 0.970297 0.025000 0.049505
0 0.082639 0.042079 0.026389 0.079208
0 0.129861 0.935644 0.029167 0.074257
0 0.481250 0.347772 0.034722 0.081683
0 0.175694 0.118812 0.029167 0.034653
