0 0.981985 0.427734 0.036029 0.080078
0 0.389706 0.353516 0.055882 0.060547
0 0.030515 0.160156 0.040441 0.087891
0 0.941176 0.414062 0.058824 0.039062
0 0.477206 0.170898 0.020588 0.072266
0 0.773897 0.103027 0.055147 0.065430
0 0.678676 0.960938 0.052941 0.066406
0 0.550735 0.717773 0.086765 0.068359
0 0.174265 0.478027 0.045588 0.051758
0 0.361397 0.023438 0.024265 0.046875
0 0.395956 0.599609 0.069853 0.060547
0 0.522794 0.924316 0.066176 0.096680
0 0.900735 0.747559 0.045588 0.047852
0 0.723529 0.061523 0.061765 0.044922
0 0.672426 0.070312 0.040441 0.082031
