0 0.468229 0.218056 0.030208 0.075000
0 0.743229 0.457407 0.012500 0.053704
0 0.461979 0.219907 0.020833 0.075000
0 0.025781 0.590741 0.043229 0.029630
0 0.008333 0.747222 0.017708 0.075926
0 0.471875 0.195370 0.034375 0.035185
0 0.586198 0.928241 0.018229 0.049074
0 0.545573 0.700463 0.020313 0.050926
0 0.451823 0.018981 0.019271 0.039815
0 0.863802 0.768519 0.024479 0.070370
0 0.874479 0.433796 0.017708 0.060185
0 0.304688 0.801852 0.028125 0.044444
0 0.129948 0.743519 0.043229 0.035185
0 0.223958 0.875463 0.021875 0.067593
0 0.418229 0.393056 0.019792 0.049074
0 0.485677 0.587500 0.016146 0.067593
0 0.369010 0.706944 0.027604 0.067593
0 0.370052 0.033333 0.029687 0.059259
0 0.766406 0.822222 0.031771 0.037037
0 0.860156 0.681481 0.025521 0.050000
0 0.698958 0.305093 0.020833 0.071296
0 0.739583 0.584722 0.027083 0.041667
0 0.853385 0.954167 0.042188 0.036111
0 0.672656 0.634259 0.032813 0.044444
0 0.693229 0.793519 0.032292 0.050000
0 0.887760 0.764815 0.031771 0.088889
0 0.470573 0.689815 0.028646 0.057407
0 0.962760 0.364352 0.029687 0.078704
