0 0.388742 0.297199 0.024359 0.051806
0 0.428576 0.350495 0.031109 0.032472
0 0.224174 0.393023 0.052516 0.063824
0 0.268716 0.401356 0.019724 0.061972
0 0.213240 0.479116 0.050438 0.106380
0 0.132518 0.616620 0.037953 0.090648
0 0.157534 0.667111 0.059859 0.034222
0 0.211932 0.835616 0.034281 0.065676
0 0.421398 0.754593 0.036547 0.077704
0 0.518534 0.599519 0.037068 0.037926
0 0.471401 0.892565 0.015719 0.061056
0 0.469719 0.945343 0.027979 0.053648
0 0.556943 0.812921 0.028469 0.081398
0 0.669180 0.391176 0.037318 0.058278
0 0.699273 0.388417 0.032922 0.017574
0 0.708005 0.166639 0.035802 0.061056
0 0.633805 0.031917 0.018651 0.052722
0 0.668510 0.053218 0.040146 0.050880
0 0.963061 0.214352 0.028205 0.071296
0 0.836906 0.634694 0.030063 0.054574
0 0.474680 0.484690 0.012901 0.063824
0 0.058039 0.769894 0.029620 0.026824
0 0.141089 0.321162 0.042594 0.048306
0 0.042148 0.274056 0.040547 0.038852
0 0.140583 0.128204 0.027000 0.076778
0 0.231977 0.124505 0.019161 0.061972
0 0.261221 0.092120 0.043276 0.015722
0 0.480995 0.056921 0.069281 0.050880
0 0.465568 0.283310 0.030094 0.049954
0 0.190304 0.826923 0.019231 0.045584
0 0.178285 0.725071 0.030449 0.055556
0 0.827324 0.646724 0.020833 0.058405
0 0.696314 0.943020 0.029647 0.049858
0 0.712340 0.956553 0.021635 0.076923
0 0.729968 0.948006 0.042468 0.051282
0 0.134615 0.700142 0.021635 0.054131
0 0.735978 0.029915 0.020833 0.038462
