0 0.988281 0.915278 0.023438 0.041667
0 0.347656 0.755556 0.029687 0.037037
0 0.884635 0.838426 0.031771 0.043519
0 0.820052 0.529167 0.028646 0.036111
0 0.766406 0.855093 0.043229 0.047222
0 0.958854 0.247685 0.035417 0.037963
0 0.055729 0.241204 0.042708 0.054630
0 0.575781 0.044907 0.015104 0.065741
0 0.465104 0.525000 0.020833 0.038889
0 0.290365 0.370833 0.038021 0.052778
0 0.102604 0.278704 0.052083 0.040741
0 0.661198 0.380556 0.034896 0.038889
0 0.877604 0.553704 0.028125 0.057407
0 0.765104 0.370833 0.043750 0.041667
0 0.405208 0.398148 0.020833 0.070370
0 0.177083 0.446759 0.054167 0.060185
0 0.166406 0.266667 0.064062 0.066667
0 0.283854 0.800000 0.023958 0.038889
0 0.687500 0.509259 0.028125 0.035185
