0 0.679779 0.070312 0.055147 0.074219
0 0.777941 0.106934 0.052941 0.030273
0 0.548529 0.719238 0.085294 0.043945
0 0.714338 0.066406 0.034559 0.091797
0 0.845956 0.738281 0.022794 0.064453
0 0.939338 0.401367 0.038971 0.087891
0 0.055515 0.094238 0.027206 0.086914
0 0.493750 0.093750 0.022794 0.074219
0 0.950735 0.812012 0.041176 0.047852
0 0.619485 0.946777 0.040441 0.067383
0 0.156985 0.398438 0.034559 0.083984
0 0.518382 0.943359 0.063235 0.107422
0 0.896324 0.747559 0.045588 0.043945
0 0.680882 0.965820 0.048529 0.054688
0 0.376838 0.544434 0.058088 0.045898
0 0.487500 0.193359 0.044118 0.074219
