0 0.841176 0.193359 0.044118 0.042969
0 0.583088 0.103516 0.026471 0.050781
0 0.598897 0.016113 0.019853 0.034180
0 0.642647 0.147949 0.022059 0.030273
0 0.987132 0.137695 0.022794 0.027344
0 0.544118 0.208984 0.023529 0.041016
0 0.706985 0.145020 0.028676 0.022461
0 0.844485 0.064941 0.021324 0.028320
0 0.644485 0.679688 0.037500 0.035156
0 0.723162 0.734863 0.028676 0.043945
0 0.762132 0.611816 0.025735 0.032227
0 0.104044 0.974609 0.027206 0.023438
0 0.635662 0.899902 0.025735 0.034180
0 0.395956 0.064941 0.018382 0.028320
0 0.474632 0.356445 0.044853 0.031250
0 0.615441 0.877441 0.032353 0.032227
0 0.056985 0.471680 0.049265 0.056641
0 0.433088 0.944824 0.017647 0.032227
0 0.804044 0.136230 0.015441 0.036133
0 0.556985 0.249023 0.036029 0.035156
0 0.645956 0.266602 0.022794 0.041016
0 0.073529 0.691406 0.029412 0.039062
0 0.497426 0.985352 0.024265 0.027344
0 0.680147 0.808105 0.026471 0.038086
0 0.798529 0.975098 0.032353 0.030273
0 0.037132 0.172363 0.030147 0.032227
0 0.670956 0.587891 0.025735 0.021484
0 0.338603 0.025391 0.021324 0.033203
0 0.047794 0.541016 0.025000 0.056641
0 0.424632 0.860352 0.021324 0.037109
0 0.784559 0.479980 0.030882 0.030273
0 0.452574 0.523438 0.036029 0.025391
0 0.190441 0.579102 0.027941 0.037109
0 0.350000 0.821777 0.026471 0.043945
0 0.663603 0.653809 0.016912 0.065430
