0 0.560662 0.285156 0.022794 0.041016
0 0.487500 0.519531 0.016176 0.039062
0 0.100735 0.888184 0.027941 0.030273
0 0.095956 0.735352 0.031618 0.033203
0 0.608824 0.210449 0.052941 0.055664
0 0.944485 0.193848 0.025735 0.030273
0 0.378309 0.174316 0.028676 0.041992
0 0.339338 0.313477 0.033088 0.035156
0 0.133824 0.549805 0.061765 0.041016
0 0.410294 0.219727 0.025000 0.042969
0 0.462500 0.052734 0.019118 0.054688
0 0.519485 0.374023 0.027206 0.041016
0 0.487868 0.664062 0.022794 0.046875
