0 0.434635 0.031019 0.021354 0.060185
0 0.477604 0.892593 0.031250 0.025926
0 0.673958 0.659259 0.030208 0.044444
0 0.372656 0.754630 0.022396 0.062963
0 0.867708 0.796759 0.027083 0.050926
0 0.372656 0.081481 0.039062 0.040741
0 0.971875 0.424537 0.027083 0.065741
0 0.854948 0.987037 0.041146 0.025926
0 0.740625 0.624074 0.018750 0.046296
0 0.972656 0.026852 0.015104 0.053704
0 0.011458 0.802315 0.022917 0.071296
0 0.548177 0.725000 0.019271 0.066667
0 0.477604 0.728241 0.029167 0.054630
0 0.128906 0.780093 0.035937 0.043519
0 0.419531 0.443056 0.038021 0.036111
0 0.691927 0.843056 0.042188 0.056481
0 0.453906 0.036574 0.020313 0.065741
0 0.889323 0.802778 0.034896 0.088889
0 0.700000 0.351389 0.023958 0.082407
0 0.782813 0.858333 0.038542 0.025926
0 0.222396 0.926852 0.022917 0.066667
0 0.492188 0.639352 0.025000 0.047222
0 0.875260 0.483333 0.020313 0.061111
0 0.172135 0.046759 0.018229 0.062037
0 0.870833 0.712500 0.046875 0.034259
