0 0.194010 0.034722 0.020313 0.062037
0 0.526302 0.200000 0.051562 0.046296
0 0.482812 0.457407 0.030208 0.077778
0 0.404687 0.348148 0.020833 0.077778
0 0.688281 0.566667 0.028646 0.040741
0 0.553125 0.207407 0.046875 0.057407
0 0.146615 0.550926 0.019271 0.075926
0 0.921875 0.704167 0.028125 0.065741
0 0.775521 0.507407 0.027083 0.055556
0 0.503646 0.497685 0.052083 0.045370
0 0.161198 0.036111 0.044271 0.061111
0 0.220052 0.807870 0.052604 0.058333
0 0.690104 0.791667 0.029167 0.066667
