0 0.360677 0.069444 0.038021 0.038889
0 0.663281 0.112037 0.030729 0.055556
0 0.760677 0.195370 0.027604 0.066667
0 0.141406 0.541667 0.065104 0.053704
0 0.388802 0.929630 0.024479 0.059259
0 0.013802 0.486574 0.028646 0.054630
0 0.477604 0.527778 0.014583 0.079630
0 0.897135 0.156944 0.035937 0.056481
0 0.337760 0.153704 0.029687 0.077778
0 0.933854 0.707407 0.032292 0.044444
0 0.428385 0.529167 0.032813 0.054630
0 0.955208 0.508333 0.036458 0.066667
0 0.472135 0.863889 0.047396 0.064815
