0 0.124940 0.037139 0.024880 0.074278
0 0.183133 0.036213 0.024599 0.072426
0 0.298258 0.302269 0.061099 0.074907
0 0.429318 0.316157 0.034677 0.065648
0 0.567576 0.253644 0.055984 0.081361
0 0.741297 0.096644 0.064885 0.035880
0 0.845872 0.209875 0.040703 0.062343
0 0.932086 0.299255 0.029797 0.065176
0 0.814932 0.240907 0.040281 0.078111
0 0.853557 0.296014 0.033156 0.067954
0 0.812852 0.519694 0.025703 0.080130
0 0.271271 0.827667 0.025875 0.131259
0 0.343188 0.740819 0.057208 0.053861
0 0.422234 0.735032 0.073635 0.057102
0 0.549900 0.742842 0.040425 0.054202
0 0.614143 0.796937 0.024119 0.082764
0 0.673320 0.805894 0.028932 0.096972
0 0.715343 0.706876 0.030846 0.084692
0 0.756927 0.632231 0.023229 0.110759
0 0.814411 0.602819 0.039240 0.074157
0 0.913484 0.651676 0.048844 0.064463
0 0.185219 0.454625 0.068354 0.057398
0 0.177797 0.370338 0.059760 0.053639
0 0.061148 0.327972 0.037922 0.104093
0 0.246664 0.655852 0.026661 0.111704
0 0.125982 0.560444 0.026964 0.069037
0 0.051995 0.675296 0.045656 0.076519
0 0.130654 0.705856 0.055057 0.045046
0 0.152273 0.752245 0.037880 0.043380
0 0.181443 0.795236 0.042052 0.047880
0 0.210484 0.728088 0.033469 0.070991
0 0.422107 0.609764 0.050464 0.060269
0 0.567578 0.613009 0.014323 0.076019
0 0.645427 0.645662 0.060646 0.109843
0 0.849302 0.808440 0.036104 0.096509
0 0.981110 0.923789 0.036739 0.054131
0 0.971955 0.716524 0.026442 0.066952
0 0.980308 0.779129 0.038341 0.046862
0 0.897035 0.914530 0.038462 0.055556
0 0.951122 0.955840 0.029647 0.075499
0 0.983574 0.975783 0.030449 0.035613
0 0.821314 0.725071 0.044071 0.055556
0 0.789263 0.735043 0.015224 0.081197
0 0.941506 0.563390 0.018429 0.059829
0 0.942708 0.462251 0.044872 0.039886
0 0.894631 0.479345 0.019231 0.076923
0 0.983974 0.482194 0.029647 0.082621
0 0.967147 0.324074 0.048878 0.048433
0 0.846154 0.356125 0.044071 0.078348
0 0.814904 0.442308 0.056891 0.037037
0 0.907853 0.189459 0.076122 0.072650
0 0.920272 0.157407 0.056090 0.071225
0 0.969151 0.087607 0.054487 0.037037
0 0.236378 0.523504 0.044071 0.056980
0 0.273638 0.529915 0.024038 0.089744
0 0.176683 0.189459 0.048077 0.044160
0 0.045673 0.079772 0.032853 0.058405
0 0.012821 0.415954 0.024840 0.072650
0 0.079728 0.747151 0.051282 0.071225
0 0.046274 0.727199 0.092548 0.037019
0 0.012620 0.748251 0.025240 0.062029
0 0.042067 0.811966 0.025641 0.075499
0 0.129808 0.448006 0.037660 0.042735
0 0.111378 0.357550 0.044071 0.035613
0 0.329728 0.452279 0.060897 0.062678
0 0.307692 0.387464 0.050481 0.029915
0 0.340545 0.398148 0.034455 0.065527
0 0.368990 0.382479 0.028846 0.059829
0 0.402644 0.543447 0.038462 0.039886
0 0.472756 0.539886 0.036058 0.047009
0 0.448317 0.468661 0.028846 0.075499
0 0.310096 0.802707 0.036058 0.062678
0 0.362179 0.803419 0.032853 0.066952
0 0.359776 0.826211 0.042468 0.052707
0 0.355769 0.923789 0.037660 0.088319
0 0.322841 0.972828 0.018279 0.052493
0 0.377404 0.923789 0.018429 0.074074
0 0.389047 0.957870 0.019181 0.082407
0 0.407452 0.910969 0.025641 0.074074
0 0.472561 0.947899 0.034846 0.102350
0 0.376603 0.214387 0.055288 0.059829
0 0.265625 0.214387 0.025641 0.068376
0 0.236779 0.311254 0.017628 0.062678
0 0.370192 0.044160 0.031250 0.027066
0 0.370994 0.014957 0.028045 0.025641
0 0.416667 0.062678 0.026442 0.058405
0 0.403846 0.141026 0.047276 0.038462
0 0.477163 0.101140 0.038462 0.072650
0 0.456330 0.037749 0.014423 0.071225
0 0.547276 0.101852 0.032853 0.099715
0 0.553285 0.044872 0.052885 0.082621
0 0.566907 0.018519 0.028846 0.027066
0 0.654247 0.032051 0.032051 0.062678
0 0.691907 0.171652 0.035256 0.094017
0 0.733974 0.130342 0.047276 0.056980
0 0.749199 0.312678 0.047276 0.074074
0 0.658654 0.245014 0.044071 0.044160
0 0.624199 0.344729 0.050481 0.044160
0 0.649439 0.363960 0.062500 0.059829
0 0.626202 0.409544 0.046474 0.048433
0 0.596154 0.405983 0.044071 0.072650
0 0.503606 0.373932 0.059295 0.048433
0 0.498397 0.400285 0.040865 0.055556
0 0.507612 0.492165 0.051282 0.056980
0 0.552484 0.485043 0.040064 0.045584
0 0.575721 0.526353 0.027244 0.091168
0 0.590545 0.460826 0.076122 0.139601
0 0.622596 0.502137 0.042468 0.119658
0 0.699119 0.472934 0.032051 0.055556
0 0.748397 0.427350 0.050481 0.078348
0 0.764022 0.408832 0.038462 0.066952
0 0.773638 0.397436 0.051282 0.047009
0 0.763622 0.673789 0.029647 0.066952
0 0.780449 0.059829 0.056891 0.052707
0 0.807292 0.118234 0.051282 0.044160
0 0.825321 0.108974 0.048878 0.062678
0 0.854968 0.124644 0.026442 0.071225
0 0.856971 0.072650 0.049679 0.066952
0 0.855769 0.031339 0.034455 0.038462
0 0.985517 0.171243 0.027925 0.024822
0 0.933894 0.636040 0.028846 0.065527
0 0.827724 0.799858 0.050481 0.125356
0 0.726362 0.889601 0.020833 0.088319
0 0.725267 0.976389 0.026230 0.045370
0 0.674279 0.923789 0.062500 0.065527
0 0.565705 0.884615 0.028045 0.072650
0 0.546474 0.282764 0.053686 0.042735
0 0.171474 0.256410 0.042468 0.069801
0 0.538862 0.190171 0.054487 0.062678
0 0.919071 0.049145 0.028045 0.045584
0 0.699119 0.649573 0.040064 0.044160
0 0.824519 0.172365 0.032853 0.055556
