0 0.842279 0.705566 0.018382 0.034180
0 0.963603 0.132812 0.030147 0.042969
0 0.856250 0.518066 0.030147 0.049805
0 0.562132 0.589355 0.031618 0.065430
0 0.459926 0.100098 0.031618 0.030273
0 0.127574 0.651855 0.040441 0.059570
0 0.929412 0.988770 0.023529 0.020508
0 0.052941 0.756348 0.023529 0.034180
0 0.924265 0.018066 0.027941 0.028320
0 0.708088 0.358398 0.016176 0.039062
0 0.990441 0.734863 0.019118 0.032227
0 0.014338 0.563477 0.028676 0.039062
0 0.307721 0.335938 0.025735 0.037109
0 0.045221 0.044434 0.018382 0.047852
0 0.952941 0.175781 0.016176 0.039062
0 0.027574 0.514648 0.019853 0.037109
0 0.170588 0.019531 0.016176 0.039062
0 0.567647 0.832520 0.033824 0.040039
0 0.646691 0.674316 0.025735 0.069336
0 0.043015 0.115723 0.025735 0.032227
0 0.421691 0.316895 0.031618 0.043945
0 0.390809 0.308105 0.018382 0.051758
0 0.304412 0.734863 0.030882 0.034180
0 0.447794 0.014648 0.035294 0.031250
0 0.064706 0.460938 0.017647 0.050781
0 0.918015 0.943359 0.025735 0.027344
0 0.341176 0.007812 0.027941 0.015625
0 0.786029 0.872070 0.029412 0.039062
0 0.223897 0.361816 0.025735 0.038086
0 0.654779 0.113281 0.025735 0.050781
0 0.429412 0.437988 0.035294 0.034180
0 0.125000 0.278320 0.022059 0.060547
0 0.406985 0.384766 0.038971 0.041016
0 0.638603 0.306152 0.021324 0.057617
0 0.565074 0.712402 0.034559 0.041992
0 0.068382 0.028320 0.050000 0.025391
