0 0.135677 0.555093 0.043229 0.036111
0 0.373177 0.075926 0.032813 0.029630
0 0.124479 0.490741 0.039583 0.031481
0 0.394010 0.919444 0.028646 0.074074
0 0.658854 0.125000 0.042708 0.031481
0 0.904687 0.170833 0.026042 0.065741
0 0.472656 0.867130 0.052604 0.050926
0 0.015365 0.495833 0.031771 0.063889
0 0.341406 0.176389 0.033854 0.056481
0 0.926823 0.694907 0.023438 0.071296
0 0.954948 0.534722 0.046354 0.036111
0 0.433854 0.518981 0.038542 0.062037
0 0.481771 0.527315 0.022917 0.062037
