0 0.742708 0.041667 0.048958 0.042593
0 0.555729 0.441667 0.036458 0.053704
0 0.065104 0.550926 0.060417 0.037037
0 0.502083 0.874074 0.055208 0.053704
0 0.697656 0.452778 0.024479 0.057407
0 0.607031 0.231944 0.029687 0.056481
0 0.940885 0.297685 0.060937 0.069444
0 0.982031 0.828241 0.035937 0.076852
0 0.551302 0.481019 0.027604 0.054630
0 0.824479 0.056944 0.046875 0.062037
0 0.882812 0.892130 0.046875 0.071296
0 0.427604 0.124537 0.036458 0.093519
0 0.308854 0.851852 0.036458 0.109259
0 0.391927 0.762037 0.028646 0.081481
0 0.377083 0.398148 0.032292 0.075926
