0 0.745612 0.659343 0.038099 0.031648
0 0.791591 0.614699 0.062349 0.079398
0 0.752214 0.701995 0.019010 0.089176
0 0.190852 0.547431 0.035870 0.028194
0 0.977031 0.850532 0.029062 0.095509
0 0.119763 0.195389 0.066609 0.033370
0 0.442833 0.735069 0.024208 0.079398
0 0.159054 0.438034 0.038462 0.045584
0 0.133814 0.662393 0.015224 0.066952
0 0.065304 0.604701 0.036859 0.045584
0 0.106971 0.947293 0.033654 0.066952
0 0.320913 0.779202 0.020833 0.066952
0 0.472356 0.891738 0.028846 0.044160
0 0.690304 0.887464 0.020833 0.069801
0 0.560096 0.475783 0.031250 0.061254
0 0.747997 0.344729 0.030449 0.064103
0 0.425080 0.485043 0.028846 0.051282
0 0.320513 0.222222 0.031250 0.064103
0 0.224760 0.162393 0.017628 0.058405
0 0.247196 0.675926 0.043269 0.028490
0 0.483574 0.174501 0.019231 0.048433
