0 0.252778 0.018564 0.027778 0.042079
0 0.783333 0.153465 0.019444 0.054455
0 0.147222 0.788366 0.033333 0.056931
0 0.164583 0.581683 0.029167 0.039604
0 0.025694 0.176980 0.048611 0.047030
0 0.717361 0.545792 0.043056 0.042079
0 0.220833 0.539604 0.030556 0.034653
0 0.870833 0.945545 0.052778 0.054455
0 0.783333 0.966584 0.030556 0.047030
0 0.670139 0.627475 0.037500 0.032178
0 0.821528 0.866337 0.034722 0.054455
0 0.506944 0.482673 0.025000 0.099010
0 0.634028 0.534653 0.051389 0.049505
0 0.295833 0.540842 0.055556 0.076733
