0 0.141406 0.551852 0.066146 0.048148
0 0.335156 0.143056 0.030729 0.062037
0 0.012760 0.488426 0.025521 0.056481
0 0.365365 0.077778 0.025521 0.055556
0 0.420833 0.525463 0.035417 0.039815
0 0.661198 0.117130 0.025521 0.052778
0 0.476562 0.529167 0.016667 0.078704
0 0.765885 0.193519 0.019271 0.074074
0 0.895833 0.156481 0.035417 0.062963
0 0.930729 0.706481 0.033333 0.038889
0 0.383854 0.931481 0.017708 0.068519
0 0.471354 0.867593 0.045833 0.061111
0 0.952083 0.511111 0.037500 0.061111
