0 0.488802 0.663889 0.024479 0.035185
0 0.445052 0.041204 0.039062 0.049074
0 0.823177 0.812963 0.035937 0.044444
0 0.465885 0.681019 0.015104 0.052778
0 0.901302 0.243056 0.035937 0.028704
0 0.719531 0.082870 0.015104 0.045370
0 0.021354 0.460185 0.035417 0.068519
0 0.300781 0.649074 0.027604 0.033333
0 0.413281 0.613426 0.028646 0.039815
0 0.569531 0.748611 0.017188 0.069444
0 0.099740 0.712037 0.038021 0.031481
0 0.124479 0.584722 0.036458 0.030556
0 0.440885 0.637963 0.016146 0.059259
0 0.682552 0.268981 0.029687 0.058333
0 0.441406 0.980093 0.033854 0.037963
0 0.636979 0.977315 0.037500 0.045370
0 0.844531 0.777778 0.026562 0.042593
0 0.752604 0.656019 0.046875 0.037963
0 0.416406 0.205556 0.019271 0.064815
0 0.428906 0.853704 0.040104 0.038889
0 0.682552 0.114815 0.017188 0.087037
0 0.885677 0.625463 0.033854 0.089815
0 0.874479 0.261574 0.030208 0.060185
0 0.469531 0.566667 0.032813 0.074074
