0 0.740083 0.164510 0.046376 0.053272
0 0.246005 0.208904 0.042808 0.035515
0 0.485731 0.477169 0.039954 0.034247
0 0.604523 0.190512 0.034960 0.031710
0 0.459400 0.417098 0.021269 0.045307
0 0.640298 0.941551 0.030882 0.052305
0 0.677846 0.928690 0.026069 0.039268
0 0.322021 0.965981 0.021125 0.059741
0 0.326024 0.571030 0.019756 0.049467
0 0.539954 0.345890 0.025685 0.048199
0 0.753639 0.497463 0.012129 0.049467
0 0.772189 0.461314 0.034960 0.032978
0 0.310930 0.163876 0.032820 0.057078
