0 0.020245 0.074190 0.040490 0.078009
0 0.228047 0.107523 0.043594 0.033565
0 0.404971 0.106602 0.062026 0.050241
0 0.326651 0.263597 0.019969 0.077194
0 0.204091 0.456477 0.058182 0.059250
0 0.255128 0.473153 0.035255 0.075935
0 0.321130 0.408083 0.040177 0.051352
0 0.379065 0.371037 0.043547 0.088370
0 0.411221 0.645194 0.043276 0.081130
0 0.547518 0.253870 0.046078 0.048481
0 0.567057 0.043625 0.034115 0.087250
0 0.561068 0.128597 0.037760 0.051639
0 0.750490 0.089005 0.070771 0.052083
0 0.914396 0.100120 0.051708 0.055796
0 0.827820 0.178153 0.063974 0.067417
0 0.913716 0.175338 0.126391 0.061787
0 0.947448 0.315690 0.087604 0.036935
0 0.810247 0.494000 0.020495 0.143556
0 0.675924 0.793157 0.034141 0.075204
0 0.662224 0.866324 0.034865 0.073389
0 0.619654 0.792926 0.024724 0.089556
0 0.440211 0.682477 0.021047 0.087176
0 0.199547 0.723000 0.034510 0.107111
0 0.247839 0.667889 0.020677 0.098741
0 0.335505 0.737810 0.043927 0.044139
0 0.560802 0.745921 0.035146 0.075176
0 0.566013 0.858685 0.024734 0.091444
0 0.459221 0.941806 0.061151 0.048426
0 0.399245 0.887630 0.029740 0.097481
0 0.054729 0.691269 0.063625 0.056611
0 0.168161 0.810333 0.027990 0.070667
0 0.142893 0.384231 0.077453 0.044389
0 0.146021 0.344634 0.050375 0.044824
0 0.184305 0.191815 0.049859 0.054000
0 0.510534 0.399750 0.047109 0.071722
0 0.694547 0.175616 0.035969 0.141972
0 0.704534 0.458560 0.038234 0.050454
0 0.277000 0.861241 0.026917 0.128037
0 0.053987 0.290926 0.037141 0.104074
0 0.126500 0.054972 0.038417 0.080315
0 0.720721 0.696824 0.059151 0.030685
0 0.722674 0.787597 0.052641 0.065935
0 0.077724 0.173789 0.055288 0.035613
0 0.044872 0.097578 0.026442 0.074074
0 0.013021 0.440120 0.026042 0.038360
0 0.012019 0.532764 0.020032 0.041311
0 0.114984 0.527778 0.035256 0.068376
0 0.131010 0.450142 0.041667 0.041311
0 0.186298 0.504986 0.044872 0.054131
0 0.165465 0.742165 0.044872 0.047009
0 0.085903 0.987073 0.037328 0.024003
0 0.015024 0.783087 0.030048 0.029138
0 0.044071 0.789174 0.024840 0.069801
0 0.092949 0.743590 0.045673 0.049858
0 0.116587 0.665242 0.038462 0.049858
0 0.312500 0.920228 0.020032 0.098291
0 0.215852 0.974252 0.028660 0.049644
0 0.356971 0.928063 0.027244 0.071225
0 0.365040 0.970691 0.017739 0.056766
0 0.363381 0.803419 0.040064 0.075499
0 0.358574 0.866097 0.038462 0.069801
0 0.309295 0.781339 0.026442 0.071225
0 0.393830 0.744302 0.041667 0.042735
0 0.318910 0.458689 0.034455 0.064103
0 0.345753 0.460826 0.017628 0.079772
0 0.393429 0.480057 0.039263 0.078348
0 0.475160 0.534900 0.037660 0.088319
0 0.520032 0.488604 0.045673 0.044160
0 0.378205 0.210114 0.048878 0.062678
0 0.265224 0.209402 0.036058 0.098291
0 0.181891 0.037037 0.016827 0.064103
0 0.392228 0.032051 0.043269 0.056980
0 0.454728 0.036325 0.033654 0.065527
0 0.478766 0.101852 0.048077 0.056980
0 0.574119 0.419516 0.033654 0.056980
0 0.558894 0.434473 0.049679 0.038462
0 0.604167 0.349715 0.053686 0.045584
0 0.574119 0.267094 0.035256 0.048433
0 0.593750 0.263533 0.018429 0.069801
0 0.658654 0.237179 0.047276 0.059829
0 0.658654 0.032764 0.023237 0.061254
0 0.695513 0.093305 0.053686 0.045584
0 0.756811 0.148148 0.046474 0.049858
0 0.774840 0.042735 0.055288 0.058405
0 0.818510 0.112536 0.020833 0.069801
0 0.848558 0.022792 0.042468 0.041311
0 0.868990 0.072650 0.056090 0.047009
0 0.893830 0.010684 0.036859 0.014245
0 0.927484 0.037037 0.030449 0.061254
0 0.986378 0.176638 0.021635 0.052707
0 0.905449 0.245726 0.042468 0.045584
0 0.861378 0.316952 0.024840 0.062678
0 0.837340 0.316952 0.024840 0.065527
0 0.851362 0.400997 0.059295 0.054131
0 0.775240 0.409544 0.043269 0.056980
0 0.740385 0.308405 0.024840 0.076923
0 0.721955 0.346154 0.047276 0.035613
0 0.737580 0.410969 0.028846 0.085470
0 0.771234 0.476496 0.028846 0.042735
0 0.873798 0.521368 0.030449 0.072650
0 0.907051 0.495726 0.026442 0.066952
0 0.946314 0.490741 0.016827 0.062678
0 0.986779 0.496439 0.014423 0.113960
0 0.975160 0.548433 0.020032 0.086895
0 0.928686 0.642450 0.031250 0.092593
0 0.814503 0.606125 0.054487 0.076923
0 0.763221 0.613960 0.044872 0.066952
0 0.751603 0.663818 0.024840 0.052707
0 0.698718 0.611823 0.036058 0.054131
0 0.698317 0.648148 0.030449 0.047009
0 0.652644 0.686610 0.044872 0.032764
0 0.630609 0.618234 0.031250 0.064103
0 0.617788 0.396011 0.042468 0.021368
0 0.638622 0.503561 0.037660 0.051282
0 0.585737 0.478632 0.036058 0.044160
0 0.570112 0.616809 0.025641 0.089744
0 0.482772 0.352564 0.025641 0.059829
0 0.534054 0.187322 0.054487 0.048433
0 0.691907 0.938034 0.060897 0.045584
0 0.757212 0.910969 0.029647 0.074074
0 0.787131 0.972115 0.017886 0.053917
0 0.837740 0.925926 0.024038 0.072650
0 0.832532 0.822650 0.042468 0.094017
0 0.838942 0.763533 0.063301 0.112536
0 0.889423 0.935185 0.034455 0.091168
0 0.973157 0.928775 0.016026 0.058405
0 0.975025 0.950748 0.045944 0.096652
0 0.975901 0.778447 0.047155 0.034101
0 0.966346 0.722222 0.048878 0.066952
0 0.689103 0.507123 0.055288 0.052707
0 0.621394 0.452991 0.019231 0.052707
0 0.333734 0.288462 0.068910 0.039886
