0 0.106969 0.319046 0.059771 0.051056
0 0.184797 0.414986 0.024802 0.078120
0 0.247932 0.310606 0.031281 0.021213
0 0.271789 0.268269 0.023786 0.034685
0 0.368102 0.233144 0.035161 0.079250
0 0.307667 0.473875 0.025750 0.051454
0 0.297424 0.617662 0.031307 0.085324
0 0.186518 0.789352 0.046995 0.050926
0 0.584112 0.879949 0.016141 0.041380
0 0.619469 0.695148 0.022271 0.071778
0 0.730154 0.807843 0.058224 0.087907
0 0.958049 0.597778 0.037974 0.095556
0 0.973883 0.522093 0.051932 0.031222
0 0.958508 0.344917 0.049307 0.045389
0 0.979427 0.061574 0.041146 0.058333
0 0.587641 0.228630 0.044031 0.051704
0 0.513409 0.754231 0.019526 0.054759
0 0.512865 0.707352 0.033021 0.036926
0 0.402188 0.584454 0.042917 0.067056
0 0.474687 0.933259 0.021250 0.092444
0 0.395159 0.878870 0.021568 0.094778
0 0.586698 0.979278 0.036938 0.040037
0 0.922479 0.501134 0.039750 0.068935
