0 0.166176 0.399902 0.019118 0.034180
0 0.067647 0.601074 0.020588 0.032227
0 0.523897 0.983398 0.015441 0.027344
0 0.758088 0.157227 0.017647 0.037109
0 0.171691 0.675781 0.015441 0.025391
0 0.256250 0.672363 0.022794 0.032227
0 0.762500 0.018066 0.013235 0.036133
0 0.369485 0.195312 0.016912 0.029297
0 0.775000 0.344727 0.038235 0.039062
0 0.418015 0.203613 0.025735 0.032227
0 0.284191 0.703613 0.028676 0.026367
0 0.177574 0.983398 0.022794 0.023438
0 0.870588 0.899902 0.023529 0.036133
0 0.082353 0.629395 0.044118 0.034180
0 0.305882 0.866699 0.019118 0.030273
0 0.711765 0.655273 0.027941 0.021484
0 0.193750 0.540527 0.025735 0.032227
0 0.016544 0.012695 0.033088 0.027344
0 0.208824 0.723145 0.027941 0.032227
0 0.856618 0.618652 0.023529 0.063477
0 0.369853 0.965820 0.035294 0.021484
