0 0.850781 0.770833 0.016146 0.054630
0 0.130208 0.954630 0.023958 0.053704
0 0.875000 0.504167 0.028125 0.043519
0 0.375781 0.093519 0.031771 0.050000
0 0.972656 0.025926 0.021354 0.048148
0 0.224740 0.941667 0.025521 0.070370
0 0.778646 0.875926 0.030208 0.035185
0 0.867188 0.731481 0.040625 0.031481
0 0.375000 0.771759 0.023958 0.073148
0 0.477083 0.913426 0.021875 0.034259
0 0.014063 0.814815 0.029167 0.062963
0 0.310677 0.859259 0.022396 0.044444
0 0.173958 0.054630 0.018750 0.061111
0 0.493229 0.653704 0.026042 0.040741
0 0.674479 0.675926 0.023958 0.048148
0 0.433073 0.050463 0.018229 0.073148
0 0.737500 0.630556 0.018750 0.048148
0 0.477083 0.742593 0.027083 0.055556
0 0.128646 0.793056 0.032292 0.043519
0 0.691406 0.855093 0.042188 0.036111
0 0.458854 0.043519 0.025000 0.048148
0 0.549479 0.733796 0.023958 0.067593
0 0.891406 0.818056 0.039062 0.078704
0 0.422135 0.455556 0.034896 0.033333
0 0.701302 0.354630 0.026562 0.085185
0 0.972656 0.441204 0.026562 0.060185
