0 0.495052 0.467593 0.043229 0.037037
0 0.686458 0.787037 0.042708 0.072222
0 0.406250 0.322222 0.016667 0.074074
0 0.746354 0.206481 0.030208 0.042593
0 0.686458 0.799537 0.043750 0.050926
0 0.992708 0.545370 0.014583 0.074074
0 0.231510 0.796759 0.032813 0.069444
0 0.773177 0.515741 0.039062 0.046296
0 0.908854 0.693519 0.033333 0.064815
0 0.521615 0.202315 0.044271 0.041667
0 0.558854 0.210648 0.044792 0.060185
0 0.498177 0.496759 0.048438 0.052778
0 0.196354 0.804630 0.037500 0.059259
