0 0.862240 0.361111 0.019271 0.040741
0 0.548438 0.073611 0.026042 0.082407
0 0.689583 0.404167 0.023958 0.026852
0 0.629427 0.250926 0.025521 0.031481
0 0.620833 0.655093 0.011458 0.045370
0 0.138281 0.535185 0.033854 0.031481
0 0.986979 0.692593 0.018750 0.061111
0 0.322656 0.805556 0.018229 0.094444
0 0.532552 0.808796 0.017188 0.034259
0 0.566406 0.064815 0.022396 0.035185
0 0.954948 0.957407 0.022396 0.046296
0 0.585677 0.957407 0.029687 0.033333
0 0.313802 0.426389 0.025521 0.054630
0 0.329427 0.765741 0.025521 0.061111
0 0.356510 0.533796 0.039062 0.056481
0 0.175781 0.206944 0.035937 0.060185
0 0.274479 0.718056 0.016667 0.052778
0 0.603906 0.100000 0.019271 0.070370
0 0.708854 0.945370 0.027083 0.042593
0 0.394010 0.954630 0.019271 0.068519
0 0.757031 0.332407 0.032813 0.057407
0 0.082031 0.632407 0.027604 0.050000
0 0.249479 0.943056 0.023958 0.093519
0 0.459635 0.612500 0.015104 0.037963
0 0.538281 0.391204 0.014063 0.050926
0 0.128906 0.798148 0.048438 0.085185
0 0.215365 0.961574 0.031771 0.073148
0 0.461198 0.480556 0.026562 0.029630
0 0.044010 0.651852 0.038021 0.035185
0 0.549479 0.742130 0.027083 0.025000
0 0.914323 0.317593 0.019271 0.059259
0 0.670833 0.103704 0.022917 0.085185
0 0.692708 0.773611 0.032292 0.043519
0 0.884635 0.917593 0.016146 0.053704
0 0.530729 0.545370 0.023958 0.038889
0 0.413281 0.537500 0.026562 0.028704
0 0.476302 0.071759 0.021354 0.056481
0 0.904427 0.495370 0.036979 0.040741
0 0.745313 0.685648 0.013542 0.050926
0 0.468750 0.265741 0.018750 0.040741
0 0.900781 0.359722 0.026562 0.056481
0 0.750781 0.961574 0.026562 0.071296
0 0.265104 0.349537 0.019792 0.058333
0 0.229687 0.644444 0.051042 0.059259
0 0.147656 0.856944 0.026562 0.063889
