0 0.093265 0.453984 0.026235 0.036875
0 0.099265 0.475024 0.035294 0.045752
0 0.132118 0.456299 0.048059 0.023926
0 0.283092 0.461421 0.032360 0.047842
0 0.032599 0.668872 0.025493 0.040869
0 0.075118 0.596982 0.013471 0.029902
0 0.948676 0.612021 0.042941 0.042402
0 0.954596 0.250542 0.029779 0.053818
0 0.874989 0.479937 0.045566 0.043857
0 0.857371 0.945898 0.048566 0.057813
0 0.500783 0.908638 0.079507 0.051650
0 0.387724 0.834829 0.022507 0.070049
0 0.244717 0.765391 0.027669 0.024922
0 0.253989 0.586938 0.035919 0.050830
0 0.135732 0.482622 0.040581 0.019932
0 0.518467 0.193140 0.079581 0.073779
0 0.239662 0.080854 0.027853 0.083584
0 0.678868 0.076777 0.026853 0.059805
0 0.132298 0.350571 0.041066 0.052705
0 0.354437 0.695000 0.032404 0.024766
0 0.832324 0.859966 0.033765 0.030479
0 0.901059 0.788071 0.024176 0.078096
0 0.058583 0.087571 0.024716 0.051700
0 0.170730 0.149529 0.046342 0.068934
0 0.336326 0.019047 0.035220 0.031184
0 0.817975 0.086340 0.019773 0.075499
0 0.395124 0.112459 0.044118 0.035979
0 0.806502 0.211143 0.018576 0.056538
0 0.809598 0.257915 0.026316 0.051398
0 0.837074 0.269223 0.044118 0.030839
0 0.938080 0.295950 0.034056 0.057566
0 0.827786 0.223479 0.027090 0.042146
0 0.939628 0.176192 0.032508 0.048314
