0 0.968229 0.638426 0.021875 0.045370
0 0.053906 0.775463 0.040104 0.025000
0 0.623698 0.049537 0.019271 0.036111
0 0.260156 0.399537 0.019271 0.086111
0 0.515104 0.611111 0.033333 0.029630
0 0.122656 0.629630 0.025521 0.064815
0 0.848177 0.647222 0.026562 0.031481
0 0.905208 0.155093 0.020833 0.071296
0 0.026302 0.271296 0.051562 0.029630
0 0.643229 0.972685 0.014583 0.054630
0 0.740365 0.715741 0.019271 0.064815
0 0.148177 0.640741 0.027604 0.081481
0 0.679427 0.395833 0.036979 0.047222
0 0.962760 0.234722 0.022396 0.058333
0 0.715104 0.958796 0.027083 0.067593
0 0.132552 0.317593 0.039062 0.055556
0 0.470052 0.280093 0.023438 0.086111
0 0.424740 0.750926 0.025521 0.090741
0 0.282031 0.837963 0.018229 0.050000
0 0.140104 0.695370 0.055208 0.035185
0 0.382812 0.181944 0.025000 0.034259
0 0.468750 0.949074 0.043750 0.081481
0 0.660677 0.057870 0.035937 0.037963
0 0.138281 0.139352 0.032813 0.039815
0 0.222656 0.481481 0.061979 0.059259
0 0.248958 0.109722 0.042708 0.045370
0 0.211979 0.843981 0.033333 0.063889
0 0.218229 0.404167 0.042708 0.082407
0 0.039583 0.244907 0.070833 0.032407
0 0.450000 0.975926 0.016667 0.048148
0 0.665104 0.077315 0.012500 0.058333
0 0.475781 0.058796 0.048438 0.045370
