0 0.805107 0.117813 0.036684 0.057891
0 0.049743 0.106362 0.021544 0.040850
0 0.252265 0.616206 0.029529 0.037100
0 0.362401 0.713306 0.030684 0.059424
0 0.405871 0.901646 0.023507 0.039619
0 0.869842 0.911572 0.029390 0.020410
0 0.864294 0.490859 0.034471 0.036406
0 0.173893 0.150532 0.027199 0.092080
0 0.521537 0.226006 0.053368 0.061387
0 0.285853 0.501118 0.018765 0.082314
0 0.802596 0.258511 0.059603 0.059990
0 0.488772 0.827427 0.033426 0.047432
0 0.953526 0.666016 0.021757 0.048828
0 0.128309 0.457451 0.049265 0.041855
0 0.988360 0.190151 0.023779 0.040459
0 0.233654 0.126812 0.033485 0.083701
0 0.106424 0.495888 0.070433 0.054482
0 0.506192 0.918894 0.057276 0.045230
0 0.901316 0.811472 0.020898 0.056538
0 0.986455 0.728207 0.025542 0.046258
0 0.123452 0.369963 0.036378 0.065789
0 0.678406 0.158717 0.017802 0.068873
0 0.541409 0.082648 0.023994 0.042146
0 0.346362 0.029708 0.017802 0.049342
0 0.049923 0.667044 0.025542 0.034951
0 0.079334 0.595600 0.020898 0.035979
0 0.741873 0.479441 0.030186 0.029811
