0 0.156985 0.141113 0.037500 0.061523
0 0.990809 0.151855 0.018382 0.030273
0 0.589706 0.869141 0.026471 0.037109
0 0.118382 0.436523 0.044118 0.033203
0 0.607353 0.801270 0.030882 0.036133
0 0.820588 0.250977 0.033824 0.072266
0 0.473897 0.783691 0.061029 0.036133
0 0.897426 0.771484 0.028676 0.041016
0 0.537500 0.044434 0.029412 0.034180
0 0.844485 0.865723 0.033088 0.032227
0 0.947426 0.625488 0.028676 0.047852
0 0.497059 0.912109 0.060294 0.056641
0 0.252941 0.582031 0.023529 0.056641
0 0.475368 0.295898 0.018382 0.046875
0 0.680147 0.079102 0.023529 0.070312
0 0.858088 0.958984 0.035294 0.042969
0 0.387132 0.851074 0.028676 0.063477
0 0.252941 0.766602 0.030882 0.027344
0 0.128676 0.354980 0.036765 0.065430
0 0.401103 0.113281 0.047794 0.033203
0 0.343382 0.018066 0.035294 0.028320
0 0.240809 0.078613 0.033088 0.061523
0 0.127941 0.474609 0.027941 0.068359
0 0.418382 0.952148 0.030882 0.039062
0 0.385662 0.571777 0.033088 0.030273
0 0.355882 0.702148 0.032353 0.031250
0 0.743750 0.460938 0.024265 0.039062
0 0.083088 0.603516 0.030882 0.033203
0 0.515441 0.188477 0.077941 0.052734
0 0.058456 0.090820 0.021324 0.056641
0 0.982353 0.100098 0.032353 0.022461
0 0.294485 0.465820 0.028676 0.044922
0 0.800000 0.221191 0.032353 0.053711
0 0.100000 0.475098 0.048529 0.063477
