0 0.306528 0.218253 0.026369 0.046087
0 0.168712 0.432154 0.032937 0.034597
0 0.359357 0.415405 0.037831 0.028076
0 0.499695 0.347552 0.029594 0.041875
0 0.619394 0.383514 0.037808 0.021701
0 0.771981 0.220703 0.038080 0.031250
0 0.619221 0.028446 0.016786 0.045740
0 0.405141 0.660624 0.040221 0.021701
0 0.784443 0.505654 0.027090 0.032895
0 0.922360 0.608457 0.032680 0.032552
0 0.643326 0.576322 0.040221 0.030048
0 0.373404 0.362230 0.021996 0.035891
0 0.670666 0.088302 0.019350 0.053454
