0 0.722222 0.545792 0.030556 0.042079
0 0.782639 0.045792 0.043056 0.051980
0 0.573611 0.490099 0.027778 0.054455
0 0.181250 0.123762 0.034722 0.044554
0 0.833333 0.248762 0.033333 0.051980
0 0.112500 0.120050 0.033333 0.101485
0 0.670833 0.627475 0.033333 0.032178
0 0.230556 0.506188 0.038889 0.032178
0 0.145833 0.941832 0.033333 0.071782
0 0.101389 0.626238 0.022222 0.079208
0 0.953472 0.905941 0.020833 0.064356
0 0.152083 0.508663 0.037500 0.071782
0 0.437500 0.405941 0.058333 0.044554
0 0.781250 0.970297 0.031944 0.054455
0 0.509722 0.412129 0.047222 0.061881
