0 0.278336 0.395139 0.017089 0.071759
0 0.232862 0.366204 0.068849 0.060185
0 0.223372 0.458333 0.066536 0.083333
0 0.150589 0.299769 0.053260 0.043981
0 0.144195 0.647454 0.024849 0.113426
0 0.233404 0.795602 0.047016 0.039352
0 0.427451 0.745833 0.028859 0.106481
0 0.527644 0.797721 0.032051 0.058405
0 0.731509 0.710791 0.040742 0.046937
0 0.861513 0.825231 0.025109 0.067130
0 0.740396 0.950694 0.043292 0.081019
0 0.446070 0.878472 0.048391 0.071759
0 0.685698 0.361111 0.064104 0.083333
0 0.463909 0.315972 0.086151 0.085648
0 0.539603 0.112375 0.017188 0.090278
0 0.801604 0.762037 0.051125 0.083333
0 0.247076 0.077546 0.069151 0.034722
0 0.145032 0.093305 0.088942 0.094017
0 0.702724 0.143875 0.018429 0.075499
0 0.646234 0.023504 0.020833 0.042735
0 0.682692 0.032764 0.040865 0.027066
0 0.485577 0.634615 0.024840 0.045584
0 0.708333 0.250000 0.021635 0.048433
0 0.842949 0.610399 0.039263 0.039886
0 0.840545 0.646011 0.026442 0.042735
0 0.818510 0.590456 0.038462 0.028490
0 0.471955 0.488604 0.023237 0.047009
0 0.152644 0.645299 0.054487 0.029915
0 0.404647 0.250712 0.023237 0.035613
0 0.656250 0.961538 0.024840 0.069801
0 0.090144 0.705840 0.022436 0.048433
0 0.635417 0.339744 0.021635 0.031339
0 0.709135 0.775641 0.021635 0.045584
0 0.904647 0.111111 0.023237 0.064103
0 0.682292 0.910969 0.036859 0.054131
0 0.554087 0.801282 0.020833 0.065527
