0 0.221691 0.098145 0.030147 0.030273
0 0.107353 0.981445 0.020588 0.035156
0 0.862500 0.895020 0.033824 0.030273
0 0.192279 0.988770 0.024265 0.020508
0 0.434926 0.014648 0.047794 0.027344
0 0.248529 0.583984 0.022059 0.052734
0 0.522059 0.643066 0.041176 0.032227
0 0.501838 0.018066 0.019853 0.036133
0 0.514338 0.249512 0.036029 0.032227
0 0.062132 0.068848 0.038971 0.028320
0 0.537500 0.893066 0.022059 0.049805
0 0.790809 0.677734 0.018382 0.048828
0 0.679779 0.863770 0.019853 0.053711
0 0.420956 0.416016 0.040441 0.054688
0 0.908088 0.837891 0.027941 0.042969
0 0.608088 0.867188 0.026471 0.044922
0 0.240074 0.021484 0.030147 0.042969
0 0.421691 0.634277 0.019853 0.063477
0 0.552941 0.823730 0.019118 0.049805
0 0.522426 0.832520 0.049265 0.069336
