0 0.408456 0.943359 0.025735 0.042969
0 0.573897 0.309570 0.049265 0.046875
0 0.404044 0.606934 0.052206 0.032227
0 0.808824 0.643066 0.048529 0.034180
0 0.290441 0.431641 0.066176 0.039062
0 0.626838 0.304688 0.080147 0.044922
0 0.977206 0.631348 0.045588 0.040039
0 0.216544 0.691406 0.033088 0.087891
0 0.753676 0.780273 0.044118 0.042969
0 0.046324 0.848145 0.023529 0.045898
0 0.442647 0.960938 0.061765 0.068359
0 0.979044 0.598145 0.037500 0.090820
0 0.867279 0.684570 0.059559 0.039062
0 0.982353 0.393066 0.035294 0.041992
0 0.834926 0.740723 0.022794 0.045898
0 0.422426 0.072266 0.041912 0.039062
0 0.248529 0.660156 0.042647 0.054688
0 0.675000 0.656738 0.060294 0.049805
0 0.806250 0.696777 0.038971 0.051758
0 0.499632 0.393555 0.071324 0.070312
0 0.470956 0.028809 0.072794 0.049805
0 0.362500 0.606445 0.044118 0.087891
0 0.313603 0.452148 0.038971 0.062500
0 0.277574 0.332520 0.056618 0.045898
0 0.930147 0.938477 0.035294 0.042969
0 0.010662 0.566895 0.022794 0.065430
0 0.707721 0.823730 0.050735 0.102539
0 0.459191 0.547363 0.044853 0.110352
0 0.444485 0.896484 0.065441 0.046875
0 0.726471 0.726562 0.045588 0.082031
0 0.518015 0.318359 0.036029 0.062500
0 0.271691 0.619141 0.030147 0.042969
0 0.561765 0.854980 0.048529 0.069336
0 0.331985 0.259277 0.031618 0.071289
0 0.492647 0.562988 0.064706 0.073242
0 0.276838 0.372070 0.030147 0.060547
0 0.201838 0.820312 0.072794 0.078125
0 0.193015 0.773438 0.030147 0.070312
0 0.961157 0.679921 0.013587 0.025476
