0 0.524840 0.795584 0.042468 0.065527
0 0.419872 0.732194 0.052083 0.072650
0 0.752855 0.670073 0.038562 0.093707
0 0.589343 0.383903 0.017628 0.074074
0 0.571591 0.479250 0.026516 0.054796
0 0.786518 0.271154 0.030329 0.046011
0 0.752404 0.313390 0.028045 0.078348
0 0.811211 0.594449 0.041172 0.072231
0 0.804768 0.650431 0.042870 0.028639
0 0.686699 0.905983 0.029647 0.075499
0 0.621042 0.933509 0.018125 0.041093
0 0.186639 0.557123 0.037780 0.023932
0 0.033737 0.829537 0.067474 0.049815
0 0.319712 0.175926 0.028045 0.062678
0 0.225471 0.176486 0.038443 0.058528
0 0.376603 0.379630 0.026442 0.099715
0 0.315705 0.244302 0.020032 0.062678
0 0.175881 0.380342 0.024038 0.047009
0 0.423878 0.093305 0.031250 0.054131
0 0.315304 0.779202 0.032051 0.058405
0 0.403446 0.830484 0.030449 0.035613
0 0.163061 0.465812 0.020833 0.035613
