0 0.257315 0.314398 0.025047 0.073241
0 0.372591 0.246157 0.034766 0.090463
0 0.279793 0.595611 0.033330 0.096093
0 0.311870 0.462417 0.027906 0.108167
0 0.111375 0.304398 0.061292 0.043981
0 0.911406 0.484639 0.048854 0.052611
0 0.951049 0.593796 0.045849 0.054259
0 0.979922 0.533912 0.040052 0.060417
0 0.626318 0.698681 0.022427 0.082546
0 0.733883 0.825694 0.066724 0.071759
0 0.903497 0.839995 0.036161 0.070731
0 0.477878 0.928458 0.024505 0.064324
0 0.397565 0.873588 0.030547 0.043472
0 0.390379 0.571236 0.040461 0.047343
0 0.591070 0.220185 0.039432 0.045926
0 0.949461 0.345111 0.065589 0.042074
0 0.184854 0.402472 0.019708 0.082722
0 0.181729 0.782069 0.037417 0.030806
0 0.517625 0.720139 0.022750 0.073611
0 0.574135 0.977056 0.031604 0.046704
0 0.278111 0.264713 0.035674 0.040589
0 0.582763 0.864663 0.017123 0.055809
0 0.009846 0.704211 0.015696 0.062151
