0 0.822801 0.238560 0.022074 0.037666
0 0.437059 0.323740 0.049118 0.022480
0 0.462949 0.296528 0.027368 0.020791
0 0.932684 0.591255 0.021250 0.039932
0 0.693202 0.691631 0.015816 0.041465
0 0.743037 0.789263 0.021368 0.043369
0 0.722279 0.726279 0.018088 0.038496
0 0.907687 0.849258 0.028610 0.040312
0 0.079011 0.575386 0.022728 0.055068
0 0.205860 0.703853 0.011721 0.060049
0 0.281702 0.510552 0.032522 0.036729
0 0.433026 0.738389 0.020463 0.041230
0 0.456673 0.587505 0.019228 0.036338
0 0.291029 0.023584 0.027647 0.043262
0 0.750371 0.387217 0.018390 0.026387
