0 0.911979 0.449537 0.015625 0.056481
0 0.225781 0.267130 0.021354 0.058333
0 0.590625 0.880556 0.018750 0.059259
0 0.898177 0.739352 0.033854 0.052778
0 0.538281 0.793056 0.014063 0.049074
0 0.460677 0.599074 0.019271 0.040741
0 0.079427 0.508796 0.027604 0.056481
0 0.507031 0.676389 0.018229 0.032407
0 0.523177 0.767593 0.018229 0.031481
0 0.184375 0.883333 0.019792 0.066667
0 0.369531 0.686574 0.033854 0.030556
0 0.090104 0.313889 0.033333 0.035185
0 0.246875 0.608333 0.030208 0.040741
0 0.984635 0.275463 0.030729 0.043519
0 0.259635 0.921296 0.031771 0.031481
0 0.320573 0.681481 0.031771 0.044444
0 0.248958 0.435185 0.025000 0.029630
0 0.611458 0.871296 0.019792 0.057407
0 0.405729 0.191667 0.025000 0.053704
0 0.571615 0.972685 0.041146 0.054630
0 0.077604 0.551852 0.059375 0.048148
0 0.157031 0.440278 0.033854 0.041667
0 0.775260 0.707870 0.019271 0.041667
0 0.307552 0.352315 0.046354 0.047222
0 0.596875 0.790741 0.029167 0.029630
0 0.239583 0.115741 0.030208 0.051852
0 0.870052 0.731944 0.045312 0.037963
0 0.668229 0.405556 0.023958 0.033333
0 0.658333 0.588426 0.014583 0.062037
0 0.669531 0.711574 0.014063 0.058333
0 0.412760 0.586111 0.035937 0.031481
0 0.596354 0.118981 0.033333 0.034259
0 0.820312 0.071296 0.025000 0.064815
0 0.685677 0.086111 0.035937 0.040741
0 0.298177 0.604167 0.046354 0.036111
0 0.164323 0.802315 0.019271 0.054630
