0 0.619485 0.879395 0.036029 0.043945
0 0.993382 0.131348 0.011765 0.032227
0 0.662500 0.653809 0.030882 0.026367
0 0.641176 0.151855 0.027941 0.026367
0 0.324632 0.014648 0.031618 0.019531
0 0.019853 0.179199 0.038235 0.047852
0 0.793750 0.981934 0.031618 0.024414
0 0.847426 0.071777 0.027206 0.026367
0 0.622794 0.214355 0.038235 0.028320
0 0.712132 0.157227 0.031618 0.025391
0 0.036029 0.167480 0.030882 0.051758
0 0.087500 0.585938 0.036765 0.050781
0 0.716176 0.745605 0.027941 0.026367
0 0.422794 0.842773 0.029412 0.037109
0 0.643750 0.908691 0.021324 0.047852
0 0.783824 0.491699 0.023529 0.045898
0 0.651838 0.696777 0.033088 0.051758
0 0.400735 0.075684 0.017647 0.040039
0 0.065441 0.687988 0.027941 0.055664
0 0.462500 0.370605 0.045588 0.045898
0 0.648897 0.268066 0.028676 0.045898
0 0.593382 0.024902 0.025000 0.030273
0 0.506985 0.985352 0.018382 0.029297
0 0.669485 0.597656 0.018382 0.039062
0 0.678676 0.808105 0.020588 0.041992
0 0.843015 0.191406 0.028676 0.056641
0 0.585662 0.092773 0.028676 0.039062
0 0.349265 0.823730 0.027941 0.032227
0 0.184926 0.579102 0.030147 0.035156
0 0.056618 0.487305 0.035294 0.039062
0 0.045956 0.543945 0.028676 0.037109
0 0.336397 0.393555 0.036029 0.023438
0 0.553676 0.235352 0.032353 0.056641
