0 0.067361 0.193069 0.026389 0.054455
0 0.198611 0.612624 0.033333 0.042079
0 0.817361 0.769802 0.034722 0.034653
0 0.204861 0.225248 0.043056 0.054455
0 0.067361 0.056931 0.043056 0.044554
0 0.818750 0.870050 0.031944 0.051980
0 0.572222 0.243812 0.047222 0.086634
0 0.668750 0.627475 0.031944 0.032178
0 0.836111 0.069307 0.041667 0.044554
0 0.477083 0.450495 0.031944 0.069307
0 0.147222 0.403465 0.044444 0.059406
0 0.858333 0.945545 0.050000 0.044554
0 0.781250 0.969059 0.031944 0.051980
0 0.472222 0.335396 0.047222 0.071782
