0 0.822222 0.867574 0.033333 0.051980
0 0.022222 0.644802 0.038889 0.047030
0 0.670139 0.626238 0.034722 0.029703
0 0.133333 0.120050 0.036111 0.037129
0 0.168750 0.561881 0.031944 0.044554
0 0.918750 0.870050 0.018056 0.066832
0 0.277083 0.107673 0.018056 0.071782
0 0.090972 0.065594 0.034722 0.051980
0 0.576389 0.459158 0.038889 0.061881
0 0.143750 0.944307 0.020833 0.066832
0 0.443056 0.436881 0.063889 0.051980
0 0.243750 0.528465 0.031944 0.051980
0 0.781944 0.971535 0.036111 0.051980
0 0.487500 0.420792 0.050000 0.064356
