0 0.796536 0.454671 0.050365 0.037120
0 0.798758 0.373362 0.026683 0.046724
0 0.684260 0.294866 0.039354 0.056398
0 0.671122 0.323296 0.037036 0.037333
0 0.631991 0.473540 0.031691 0.060043
0 0.504328 0.710352 0.034698 0.065148
0 0.559411 0.632852 0.016740 0.062000
0 0.593578 0.657630 0.041323 0.024519
0 0.610987 0.780866 0.015724 0.082102
0 0.906712 0.638613 0.035379 0.082070
0 0.197706 0.711713 0.044370 0.028981
0 0.245503 0.734208 0.050380 0.048046
0 0.063698 0.446991 0.037812 0.025463
0 0.151544 0.214528 0.032255 0.021648
0 0.150693 0.273662 0.031594 0.080657
0 0.322714 0.130241 0.026677 0.053074
0 0.594518 0.024519 0.028620 0.047185
0 0.805518 0.023972 0.019370 0.047944
0 0.765828 0.023338 0.050406 0.026306
0 0.774875 0.236310 0.014333 0.061509
0 0.102965 0.230769 0.030449 0.064103
0 0.290465 0.768519 0.040064 0.062678
0 0.877003 0.797721 0.038462 0.047009
0 0.804888 0.423789 0.028846 0.054131
0 0.555689 0.188034 0.011218 0.066952
0 0.645032 0.258547 0.023237 0.048433
0 0.980709 0.176586 0.037540 0.032659
0 0.525240 0.484330 0.032051 0.029915
0 0.548478 0.882479 0.019231 0.065527
0 0.481971 0.068376 0.022436 0.035613
0 0.590674 0.984224 0.035800 0.029701
0 0.657853 0.737892 0.024840 0.038462
