0 0.083184 0.058750 0.020779 0.068672
0 0.522842 0.828916 0.023625 0.042598
0 0.266485 0.484707 0.032971 0.033867
0 0.248952 0.566973 0.031728 0.032383
0 0.424404 0.604697 0.028221 0.025801
0 0.220691 0.060166 0.020794 0.040254
0 0.422706 0.408481 0.029235 0.037666
0 0.249408 0.012554 0.035581 0.025107
0 0.889985 0.817241 0.027029 0.025107
0 0.533660 0.892662 0.025767 0.046741
0 0.617245 0.870543 0.024510 0.047576
0 0.546053 0.632607 0.031734 0.021587
0 0.512384 0.654194 0.027864 0.035979
0 0.486813 0.261167 0.022379 0.035029
