0 0.304563 0.486987 0.040007 0.032568
0 0.396945 0.565605 0.027713 0.019883
0 0.427180 0.621709 0.035243 0.026621
0 0.414353 0.414136 0.031647 0.031396
0 0.236493 0.552554 0.028868 0.052373
0 0.232095 0.029706 0.040661 0.039880
0 0.078960 0.015181 0.019684 0.030361
0 0.521078 0.866741 0.033333 0.051841
0 0.518577 0.812116 0.044620 0.039229
0 0.687318 0.759949 0.043992 0.026709
0 0.566040 0.681079 0.014434 0.043799
0 0.473335 0.324521 0.024610 0.043574
0 0.635691 0.295190 0.021382 0.049365
0 0.836287 0.899769 0.022574 0.035866
0 0.890268 0.823843 0.015831 0.046123
0 0.623844 0.874299 0.036450 0.033387
0 0.196807 0.951923 0.018225 0.038395
0 0.058050 0.116057 0.035604 0.030839
