0 0.141406 0.919907 0.031771 0.041667
0 0.736458 0.568056 0.017708 0.041667
0 0.365625 0.417593 0.021875 0.035185
0 0.570833 0.669907 0.011458 0.047222
0 0.563802 0.405556 0.011979 0.046296
0 0.662240 0.361111 0.031771 0.031481
0 0.505729 0.676852 0.019792 0.035185
0 0.693750 0.983333 0.036458 0.027778
0 0.582031 0.892593 0.021354 0.081481
0 0.902604 0.500000 0.025000 0.051852
0 0.697656 0.197222 0.017188 0.057407
0 0.338281 0.553241 0.024479 0.052778
0 0.390885 0.628241 0.029687 0.062037
0 0.577604 0.855093 0.030208 0.030556
0 0.338281 0.255093 0.030729 0.034259
0 0.376302 0.866204 0.026562 0.039815
0 0.207031 0.331019 0.038021 0.056481
0 0.258333 0.761111 0.036458 0.066667
0 0.496354 0.615741 0.025000 0.037037
0 0.958854 0.631944 0.034375 0.032407
0 0.578385 0.193981 0.042188 0.045370
0 0.468229 0.706019 0.025000 0.039815
0 0.301302 0.539815 0.027604 0.038889
0 0.785677 0.414352 0.030729 0.032407
0 0.554427 0.679167 0.021354 0.049074
0 0.276302 0.730556 0.019271 0.044444
0 0.657552 0.248148 0.024479 0.057407
0 0.608333 0.747222 0.032292 0.027778
0 0.503385 0.328241 0.017188 0.065741
0 0.785156 0.796296 0.026562 0.057407
0 0.950781 0.509259 0.021354 0.053704
0 0.730729 0.862500 0.035417 0.045370
0 0.509375 0.191667 0.031250 0.042593
0 0.167448 0.931481 0.029687 0.072222
0 0.555990 0.075463 0.044271 0.049074
0 0.691927 0.104630 0.021354 0.057407
0 0.518229 0.390278 0.014583 0.045370
0 0.945833 0.370370 0.019792 0.042593
