0 0.591401 0.179769 0.049469 0.029907
0 0.875341 0.420120 0.025682 0.038389
0 0.896013 0.774403 0.036818 0.089546
0 0.814750 0.844329 0.026375 0.071991
0 0.696240 0.802227 0.045604 0.035935
0 0.655870 0.735731 0.027365 0.071463
0 0.536201 0.465273 0.032818 0.049065
0 0.490089 0.430542 0.033302 0.062935
0 0.397812 0.465972 0.018542 0.065278
0 0.357062 0.133926 0.039125 0.058593
0 0.313844 0.091324 0.015187 0.084500
0 0.265802 0.316852 0.020146 0.044815
0 0.377633 0.496301 0.033391 0.046306
0 0.115174 0.716046 0.039724 0.046907
0 0.570180 0.389792 0.026818 0.074028
0 0.455094 0.015278 0.049771 0.030556
0 0.237981 0.059829 0.020032 0.084046
0 0.229167 0.208689 0.024840 0.065527
0 0.274439 0.260684 0.022436 0.049858
0 0.147035 0.491453 0.028846 0.049858
0 0.042067 0.673789 0.024038 0.069801
0 0.023237 0.720085 0.037660 0.017094
0 0.018830 0.942308 0.032051 0.037037
0 0.096554 0.941595 0.027244 0.044160
0 0.139824 0.962963 0.025641 0.064103
0 0.438301 0.841880 0.044071 0.027066
0 0.521234 0.898860 0.017628 0.072650
0 0.518429 0.970798 0.020032 0.042735
0 0.606288 0.989209 0.036623 0.019729
0 0.971955 0.249288 0.034455 0.044160
0 0.426683 0.106125 0.017628 0.094017
0 0.405048 0.127493 0.022436 0.054131
0 0.610577 0.384615 0.040865 0.032764
0 0.556090 0.255698 0.039263 0.042735
