0 0.430147 0.771484 0.030882 0.082031
0 0.782353 0.641602 0.017647 0.035156
0 0.831002 0.587328 0.027733 0.021718
0 0.244485 0.929199 0.018382 0.041992
0 0.487132 0.314941 0.021324 0.026367
0 0.272794 0.014648 0.020588 0.031250
0 0.576103 0.712402 0.025735 0.022461
0 0.935294 0.554688 0.039706 0.029297
0 0.926838 0.853027 0.025735 0.043945
0 0.431250 0.895020 0.022794 0.034180
0 0.839706 0.978027 0.027941 0.040039
0 0.051838 0.729980 0.030147 0.041992
0 0.684559 0.666016 0.030882 0.029297
0 0.711397 0.785156 0.033088 0.025391
0 0.709926 0.270020 0.033088 0.030273
0 0.676103 0.714355 0.033088 0.022461
0 0.805147 0.244141 0.023529 0.044922
0 0.087500 0.570312 0.020588 0.066406
0 0.728676 0.318359 0.022059 0.066406
