0 0.555515 0.094727 0.030147 0.029297
0 0.686765 0.689941 0.027941 0.034180
0 0.576471 0.712402 0.027941 0.022461
0 0.240441 0.925781 0.016176 0.042969
0 0.714338 0.287109 0.025735 0.029297
0 0.681250 0.674316 0.024265 0.043945
0 0.064706 0.742188 0.022059 0.037109
0 0.846324 0.832520 0.019118 0.049805
0 0.816912 0.985352 0.033824 0.027344
0 0.454779 0.587891 0.028676 0.027344
0 0.939338 0.573730 0.018382 0.038086
0 0.736029 0.780273 0.029412 0.031250
0 0.087868 0.577148 0.033088 0.035156
