0 0.584936 0.403134 0.058494 0.061254
0 0.775501 0.494480 0.060377 0.035256
0 0.709732 0.320602 0.046547 0.076389
0 0.744302 0.284722 0.045896 0.069444
0 0.287660 0.174501 0.024840 0.105413
0 0.554487 0.047365 0.064904 0.094729
0 0.119391 0.264957 0.047276 0.044160
0 0.111538 0.331019 0.050160 0.097222
0 0.117388 0.395299 0.030449 0.068376
0 0.013917 0.527083 0.027833 0.048611
0 0.605769 0.822650 0.021635 0.091168
0 0.889510 0.891204 0.044646 0.087963
0 0.574519 0.529915 0.032853 0.084046
0 0.416747 0.635292 0.034295 0.055627
0 0.318109 0.824786 0.039263 0.072650
0 0.926763 0.180377 0.051122 0.045228
0 0.805569 0.022258 0.065946 0.045228
0 0.580128 0.153846 0.015224 0.072650
0 0.371374 0.358974 0.020873 0.069801
0 0.358503 0.284227 0.034714 0.066602
0 0.125389 0.030438 0.035233 0.053754
0 0.856571 0.727208 0.048878 0.099715
0 0.907853 0.477208 0.039263 0.038462
0 0.953620 0.565560 0.017656 0.068157
0 0.926326 0.532361 0.027651 0.057315
0 0.758130 0.423384 0.035010 0.044917
0 0.531651 0.294872 0.024038 0.029915
0 0.731096 0.045694 0.066359 0.091389
0 0.656250 0.908120 0.039263 0.051282
0 0.185497 0.728632 0.038462 0.065527
0 0.412660 0.912393 0.036058 0.045584
0 0.787260 0.089031 0.014423 0.068376
0 0.147035 0.375356 0.027244 0.059829
