0 0.357353 0.710938 0.054412 0.052734
0 0.436029 0.620605 0.025000 0.084961
0 0.743015 0.369141 0.040441 0.083984
0 0.313971 0.910645 0.038235 0.043945
0 0.388235 0.787109 0.020588 0.064453
0 0.469118 0.016113 0.055882 0.034180
0 0.603309 0.735352 0.061029 0.056641
0 0.230882 0.634766 0.035294 0.039062
0 0.968750 0.049316 0.046324 0.069336
0 0.158824 0.099609 0.041176 0.068359
0 0.818750 0.733398 0.037500 0.035156
0 0.173529 0.551270 0.044118 0.041992
0 0.814706 0.164062 0.039706 0.044922
0 0.557353 0.957031 0.060294 0.072266
0 0.486029 0.601562 0.079412 0.044922
0 0.896691 0.600098 0.033088 0.081055
0 0.930882 0.054688 0.047059 0.076172
0 0.927206 0.016113 0.069118 0.034180
0 0.030515 0.712402 0.061029 0.032227
0 0.374632 0.906738 0.055147 0.040039
