0 0.589667 0.214963 0.067875 0.044741
0 0.402581 0.361139 0.059328 0.061167
0 0.553023 0.470889 0.016464 0.104741
0 0.534471 0.469495 0.023109 0.098250
0 0.399766 0.748449 0.016198 0.113565
0 0.318586 0.839347 0.028839 0.065731
0 0.296805 0.830977 0.017568 0.067509
0 0.866982 0.926486 0.032922 0.073343
0 0.428885 0.118472 0.022354 0.092500
0 0.051550 0.603549 0.039062 0.038580
0 0.088752 0.582606 0.050223 0.042989
0 0.499839 0.839440 0.065104 0.102513
0 0.825699 0.842466 0.032106 0.084982
