0 0.525781 0.228704 0.039062 0.037037
0 0.641927 0.021296 0.039062 0.037037
0 0.190104 0.830556 0.021875 0.068519
0 0.160677 0.025926 0.025521 0.051852
0 0.660156 0.799537 0.022396 0.058333
0 0.366406 0.339352 0.031771 0.036111
0 0.841406 0.732870 0.045312 0.050926
0 0.223177 0.811574 0.031771 0.067593
0 0.983854 0.530556 0.030208 0.068519
0 0.510156 0.505556 0.048438 0.062963
0 0.563802 0.224537 0.021354 0.069444
0 0.765104 0.293981 0.048958 0.036111
0 0.701562 0.572222 0.038542 0.062963
0 0.486979 0.542593 0.027083 0.094444
0 0.490625 0.479630 0.022917 0.079630
