0 0.731514 0.635520 0.026917 0.117574
0 0.787312 0.648416 0.038514 0.074059
0 0.645271 0.834369 0.048875 0.059827
0 0.534951 0.741955 0.019903 0.092822
0 0.919819 0.171696 0.042417 0.081015
0 0.812660 0.026819 0.028097 0.053639
0 0.051972 0.784517 0.037278 0.078936
0 0.115194 0.435854 0.049833 0.059827
0 0.445806 0.238354 0.024944 0.070767
0 0.357847 0.300631 0.032361 0.046807
0 0.418146 0.474220 0.041847 0.047450
0 0.464611 0.520483 0.023667 0.055817
0 0.831646 0.829827 0.060514 0.055693
0 0.732951 0.074319 0.024236 0.069431
0 0.970458 0.853502 0.029806 0.023837
0 0.671296 0.495325 0.022840 0.080308
0 0.779012 0.482123 0.033333 0.058306
