0 0.424691 0.499175 0.019753 0.063806
0 0.919753 0.175193 0.039506 0.089109
0 0.780864 0.652778 0.023457 0.060231
0 0.735049 0.630012 0.008986 0.066955
0 0.772250 0.486547 0.019500 0.062203
0 0.864198 0.468647 0.017284 0.047855
0 0.525780 0.734329 0.013597 0.068218
0 0.218136 0.951696 0.036889 0.022203
0 0.050386 0.772552 0.020216 0.045105
0 0.372454 0.228685 0.016821 0.063531
0 0.680556 0.491887 0.029012 0.045380
0 0.647813 0.831844 0.028958 0.049827
0 0.804784 0.397277 0.026235 0.051980
0 0.445370 0.240099 0.024074 0.060506
0 0.403704 0.691144 0.016049 0.060506
0 0.819136 0.817657 0.023457 0.071507
0 0.894136 0.892464 0.009259 0.069307
0 0.163159 0.639711 0.039376 0.056140
