0 0.480729 0.493056 0.027083 0.045370
0 0.160677 0.021296 0.045312 0.042593
0 0.505208 0.541204 0.041667 0.063889
0 0.620052 0.023148 0.018229 0.038889
0 0.083073 0.487500 0.046354 0.032407
0 0.810677 0.755556 0.041146 0.061111
0 0.510938 0.579167 0.056250 0.058333
0 0.653385 0.805093 0.049479 0.039815
0 0.528906 0.214352 0.027604 0.060185
0 0.560937 0.199537 0.018750 0.082407
0 0.985677 0.527778 0.028646 0.074074
0 0.702604 0.593519 0.046875 0.044444
0 0.214323 0.794444 0.030729 0.101852
0 0.771875 0.294444 0.035417 0.079630
