0 0.356199 0.419336 0.038868 0.024219
0 0.333511 0.380679 0.033199 0.019170
0 0.648110 0.301738 0.022691 0.052695
0 0.689298 0.172939 0.027125 0.039238
0 0.022080 0.312486 0.043496 0.037137
0 0.643125 0.016113 0.028897 0.030273
0 0.347379 0.192598 0.021228 0.033633
0 0.821669 0.790859 0.033044 0.038750
0 0.664390 0.579155 0.050838 0.023545
0 0.788132 0.540356 0.023324 0.035791
0 0.581875 0.364790 0.032868 0.034268
0 0.406982 0.656089 0.025728 0.042646
0 0.510657 0.347450 0.041901 0.024978
0 0.785991 0.232730 0.045666 0.031867
0 0.431502 0.460938 0.034830 0.025699
