0 0.412599 0.054208 0.030406 0.075083
0 0.497797 0.044315 0.031010 0.068259
0 0.170896 0.527310 0.050125 0.030546
0 0.296396 0.718593 0.037583 0.046444
0 0.527609 0.346949 0.031260 0.040194
0 0.520172 0.199921 0.022635 0.066509
0 0.800091 0.728546 0.026224 0.044130
0 0.828813 0.775847 0.056583 0.023917
0 0.806081 0.880444 0.032995 0.033111
0 0.987240 0.488889 0.025521 0.046296
0 0.046917 0.228787 0.058417 0.024241
0 0.132479 0.108227 0.035792 0.057194
0 0.043961 0.693116 0.045214 0.023269
0 0.048089 0.720306 0.048260 0.023944
0 0.472768 0.952000 0.023661 0.068815
0 0.545706 0.598648 0.033078 0.056556
0 0.594656 0.610458 0.026813 0.057954
0 0.743904 0.664407 0.038849 0.039926
0 0.581635 0.019074 0.038271 0.030741
0 0.639049 0.011894 0.035391 0.023787
0 0.205917 0.244833 0.025375 0.034111
0 0.201083 0.948412 0.028208 0.044972
0 0.321632 0.528539 0.028539 0.048199
0 0.710117 0.017377 0.026398 0.027905
