0 0.992969 0.551852 0.014063 0.048148
0 0.169526 0.307894 0.070302 0.104676
0 0.187924 0.257801 0.043557 0.097083
0 0.524151 0.685431 0.032677 0.059750
0 0.840667 0.545269 0.043833 0.046093
0 0.901542 0.409687 0.058293 0.082336
0 0.608286 0.696301 0.034281 0.038898
0 0.416750 0.462944 0.032458 0.107370
0 0.586932 0.211898 0.048865 0.040463
0 0.257212 0.777066 0.047276 0.074074
0 0.309696 0.805556 0.086538 0.062678
0 0.299679 0.764245 0.039263 0.056980
0 0.044872 0.482906 0.069712 0.066952
0 0.602163 0.275641 0.024038 0.102564
0 0.104567 0.532764 0.049679 0.081197
0 0.455529 0.896724 0.051282 0.071225
0 0.451122 0.940883 0.055288 0.059829
0 0.643429 0.925214 0.028045 0.099715
0 0.625401 0.921652 0.025641 0.061254
0 0.968750 0.731481 0.034455 0.094017
