0 0.823611 0.884901 0.025000 0.047030
0 0.156944 0.167079 0.036111 0.081683
0 0.836111 0.059406 0.036111 0.059406
0 0.270833 0.670792 0.027778 0.044554
0 0.865972 0.819307 0.020833 0.059406
0 0.254861 0.341584 0.048611 0.064356
0 0.672222 0.628713 0.033333 0.029703
0 0.475000 0.334158 0.025000 0.099010
0 0.187500 0.146040 0.036111 0.064356
0 0.784028 0.970297 0.026389 0.049505
0 0.072222 0.034653 0.030556 0.074257
0 0.131250 0.936881 0.023611 0.081683
0 0.073611 0.216584 0.036111 0.071782
0 0.028472 0.561881 0.045833 0.059406
0 0.548611 0.301980 0.055556 0.089109
