0 0.481250 0.056931 0.026389 0.044554
0 0.990972 0.485149 0.018056 0.069307
0 0.822222 0.346535 0.047222 0.034653
0 0.225000 0.930693 0.044444 0.034653
0 0.464583 0.509901 0.023611 0.059406
0 0.662500 0.509901 0.033333 0.059406
0 0.865278 0.452970 0.025000 0.049505
0 0.726389 0.507426 0.022222 0.054455
0 0.183333 0.655941 0.030556 0.029703
0 0.442361 0.232673 0.018056 0.064356
0 0.390972 0.250000 0.029167 0.049505
0 0.795139 0.646040 0.034722 0.064356
0 0.133333 0.230198 0.044444 0.034653
0 0.770139 0.480198 0.026389 0.059406
0 0.645139 0.815594 0.040278 0.071782
0 0.122222 0.569307 0.030556 0.039604
0 0.886111 0.898515 0.030556 0.034653
0 0.117361 0.422030 0.034722 0.051980
0 0.914583 0.172030 0.045833 0.071782
0 0.422222 0.477723 0.044444 0.034653
0 0.050000 0.774752 0.027778 0.074257
0 0.732639 0.634901 0.018056 0.091584
0 0.534722 0.756188 0.025000 0.051980
0 0.817361 0.766089 0.020833 0.081683
0 0.364583 0.293317 0.029167 0.042079
0 0.967361 0.847772 0.031944 0.042079
0 0.654861 0.373762 0.023611 0.039604
0 0.539583 0.648515 0.029167 0.034653
