0 0.256250 0.052734 0.025735 0.041016
0 0.970588 0.542480 0.023529 0.036133
0 0.369485 0.089355 0.018382 0.028320
0 0.157353 0.045898 0.017647 0.039062
0 0.942647 0.937988 0.017647 0.032227
0 0.909191 0.846191 0.025735 0.024414
0 0.711029 0.908691 0.030882 0.026367
0 0.567279 0.568359 0.027206 0.035156
0 0.609191 0.379395 0.022794 0.030273
0 0.411397 0.912109 0.027206 0.037109
0 0.769853 0.947266 0.020588 0.031250
0 0.227941 0.037109 0.027941 0.025391
0 0.678309 0.936523 0.036029 0.027344
0 0.781618 0.375977 0.023529 0.050781
0 0.081618 0.816895 0.027941 0.032227
