0 0.215972 0.936881 0.043056 0.032178
0 0.892361 0.889851 0.020833 0.042079
0 0.989583 0.482673 0.020833 0.044554
0 0.727083 0.506188 0.020833 0.056931
0 0.122222 0.568069 0.025000 0.042079
0 0.184722 0.657178 0.038889 0.032178
0 0.815278 0.787129 0.025000 0.074257
0 0.183333 0.381188 0.027778 0.054455
0 0.464583 0.513614 0.026389 0.061881
0 0.370139 0.238861 0.029167 0.047030
0 0.120833 0.424505 0.033333 0.051980
0 0.361111 0.298267 0.030556 0.042079
0 0.475000 0.045792 0.027778 0.066832
0 0.134722 0.232673 0.047222 0.034653
0 0.772222 0.474010 0.022222 0.061881
0 0.537500 0.740099 0.016667 0.064356
0 0.672222 0.507426 0.033333 0.064356
0 0.423611 0.477723 0.047222 0.044554
0 0.734722 0.632426 0.019444 0.091584
0 0.789583 0.660891 0.031944 0.079208
0 0.051389 0.773515 0.027778 0.081683
0 0.862500 0.455446 0.033333 0.049505
0 0.445833 0.237624 0.019444 0.064356
0 0.648611 0.829208 0.038889 0.064356
0 0.914583 0.175743 0.045833 0.074257
