0 0.123177 0.592593 0.047396 0.048148
0 0.644531 0.012500 0.021354 0.025000
0 0.191927 0.044444 0.029687 0.046296
0 0.233333 0.823611 0.052083 0.036111
0 0.237760 0.791204 0.047396 0.043519
0 0.994010 0.515278 0.011979 0.076852
0 0.402083 0.314815 0.017708 0.062963
0 0.482552 0.465741 0.033854 0.050000
0 0.155208 0.033796 0.033333 0.060185
0 0.144010 0.549537 0.045312 0.036111
0 0.751302 0.242130 0.017188 0.063889
0 0.565625 0.200000 0.041667 0.044444
0 0.692708 0.799537 0.042708 0.056481
0 0.524479 0.209259 0.061458 0.037037
0 0.767188 0.515741 0.034375 0.055556
0 0.908854 0.693056 0.028125 0.069444
0 0.502083 0.501389 0.045833 0.056481
