0 0.219444 0.837871 0.030556 0.071782
0 0.018750 0.443069 0.031944 0.044554
0 0.240972 0.676980 0.031944 0.037129
0 0.888194 0.824257 0.015278 0.064356
0 0.832639 0.055693 0.040278 0.047030
0 0.173611 0.564356 0.041667 0.039604
0 0.076389 0.039604 0.050000 0.059406
0 0.498611 0.318069 0.061111 0.056931
0 0.549306 0.419554 0.026389 0.061881
0 0.067361 0.081683 0.037500 0.054455
0 0.670833 0.623762 0.033333 0.029703
0 0.782639 0.966584 0.029167 0.047030
0 0.396528 0.279703 0.040278 0.084158
0 0.822222 0.867574 0.033333 0.051980
0 0.138194 0.944307 0.040278 0.061881
0 0.488194 0.407178 0.048611 0.066832
