0 0.166589 0.274435 0.068594 0.059981
0 0.081057 0.266505 0.077740 0.057083
0 0.505307 0.950264 0.030406 0.033861
0 0.879693 0.551056 0.027094 0.070630
0 0.885055 0.847778 0.034693 0.047407
0 0.659807 0.378736 0.034198 0.044509
0 0.578557 0.368741 0.009198 0.031926
0 0.584214 0.403208 0.027802 0.041602
0 0.762487 0.368468 0.033307 0.040639
0 0.578578 0.057009 0.019656 0.067722
0 0.662190 0.068093 0.044172 0.023222
0 0.665753 0.029810 0.032547 0.029991
0 0.845383 0.157343 0.031391 0.083204
0 0.527435 0.179769 0.015286 0.028056
0 0.403388 0.400361 0.034901 0.059981
0 0.287932 0.372338 0.033156 0.048380
0 0.341383 0.261083 0.024432 0.020315
0 0.113677 0.676676 0.044021 0.034833
0 0.280518 0.803486 0.016245 0.032898
0 0.294398 0.804162 0.028380 0.021287
0 0.170237 0.862218 0.032141 0.029991
