0 0.607271 0.144035 0.011764 0.075198
0 0.459785 0.214752 0.025125 0.053267
0 0.595431 0.289158 0.015861 0.068416
0 0.836896 0.648243 0.012681 0.048960
0 0.500882 0.628230 0.010097 0.073292
0 0.979861 0.512376 0.040278 0.024752
0 0.126069 0.732574 0.032694 0.029505
0 0.284785 0.070656 0.025125 0.052203
0 0.384507 0.624728 0.038458 0.056386
0 0.161011 0.508931 0.045103 0.042105
0 0.254797 0.157421 0.025057 0.104624
0 0.240478 0.048969 0.037944 0.068899
0 0.679696 0.141472 0.034364 0.116107
