0 0.625781 0.627778 0.018229 0.040741
0 0.761458 0.980093 0.017708 0.034259
0 0.486979 0.889815 0.029167 0.033333
0 0.411979 0.570370 0.016667 0.037037
0 0.777604 0.930093 0.017708 0.054630
0 0.823958 0.526852 0.021875 0.031481
0 0.325781 0.475926 0.033854 0.025926
0 0.723177 0.907407 0.021354 0.037037
0 0.605208 0.547685 0.011458 0.037963
0 0.988281 0.638426 0.023438 0.058333
0 0.789583 0.703704 0.020833 0.050000
0 0.572135 0.645370 0.026562 0.048148
0 0.919531 0.444907 0.024479 0.058333
