0 0.556510 0.218056 0.019271 0.073148
0 0.625000 0.022222 0.030208 0.033333
0 0.630990 0.020833 0.022396 0.034259
0 0.510156 0.529167 0.047396 0.069444
0 0.496875 0.479167 0.041667 0.049074
0 0.651563 0.798148 0.036458 0.038889
0 0.155990 0.022222 0.025521 0.044444
0 0.533073 0.220833 0.063021 0.062037
0 0.211979 0.810185 0.044792 0.070370
0 0.986979 0.538889 0.023958 0.112963
0 0.714063 0.584259 0.031250 0.062963
0 0.834115 0.747685 0.038021 0.052778
0 0.773177 0.287963 0.042188 0.042593
