0 0.231250 0.134901 0.037500 0.037129
0 0.767361 0.617574 0.018056 0.061881
0 0.623611 0.193069 0.033333 0.049505
0 0.197222 0.448020 0.030556 0.034653
0 0.723611 0.293317 0.033333 0.061881
0 0.973611 0.439356 0.033333 0.037129
0 0.533333 0.262376 0.016667 0.054455
0 0.128472 0.599010 0.031944 0.039604
0 0.584722 0.272277 0.016667 0.064356
0 0.814583 0.373762 0.037500 0.039604
0 0.783333 0.027228 0.019444 0.054455
0 0.217361 0.487624 0.037500 0.034653
0 0.150000 0.923267 0.050000 0.039604
0 0.838889 0.611386 0.019444 0.054455
0 0.375694 0.263614 0.040278 0.042079
0 0.650000 0.410891 0.019444 0.054455
0 0.614583 0.634901 0.029167 0.047030
0 0.654861 0.553218 0.031944 0.071782
0 0.352083 0.565594 0.034722 0.061881
0 0.263194 0.417079 0.026389 0.042079
