0 0.009191 0.811523 0.018382 0.031250
0 0.532353 0.742188 0.014706 0.033203
0 0.208088 0.947266 0.016176 0.037109
0 0.618382 0.300781 0.025000 0.029297
0 0.019485 0.075195 0.040441 0.029297
0 0.252574 0.012695 0.019853 0.025391
0 0.153676 0.983398 0.027941 0.029297
0 0.368750 0.398438 0.027206 0.048828
0 0.523897 0.799316 0.033088 0.036133
0 0.732721 0.818359 0.025735 0.039062
0 0.620956 0.881348 0.021324 0.043945
0 0.778309 0.810059 0.025735 0.043945
0 0.231618 0.543945 0.016176 0.039062
0 0.521324 0.847656 0.025000 0.058594
0 0.477574 0.314941 0.036029 0.030273
0 0.947794 0.823730 0.025000 0.053711
0 0.450000 0.632812 0.032353 0.037109
0 0.184191 0.014648 0.044853 0.031250
0 0.425368 0.422363 0.040441 0.028320
0 0.770588 0.927734 0.030882 0.037109
0 0.406985 0.569824 0.044853 0.047852
