0 0.823611 0.170792 0.033333 0.039604
0 0.018056 0.379950 0.038889 0.047030
0 0.072222 0.049505 0.022222 0.064356
0 0.986806 0.974010 0.026389 0.042079
0 0.902083 0.837871 0.015278 0.066832
0 0.388889 0.423267 0.050000 0.049505
0 0.192361 0.778465 0.051389 0.056931
0 0.784028 0.965347 0.029167 0.049505
0 0.673611 0.627475 0.030556 0.032178
0 0.140972 0.943069 0.023611 0.079208
0 0.569444 0.482673 0.036111 0.059406
0 0.158333 0.538366 0.025000 0.066832
0 0.482639 0.315594 0.037500 0.096535
0 0.820139 0.867574 0.031944 0.051980
0 0.493056 0.423267 0.063889 0.054455
