0 0.407703 0.256713 0.036240 0.057870
0 0.329672 0.127148 0.031219 0.054296
0 0.267977 0.257551 0.043245 0.044731
0 0.152971 0.350847 0.033026 0.062806
0 0.020619 0.624937 0.041239 0.068493
0 0.278467 0.973744 0.049229 0.032978
0 0.367885 0.808940 0.025354 0.091954
0 0.557422 0.747685 0.036719 0.078704
0 0.730435 0.928524 0.049911 0.049082
0 0.920977 0.481236 0.030495 0.079139
0 0.961141 0.509023 0.031656 0.077306
0 0.901234 0.723380 0.036844 0.104167
0 0.606596 0.224602 0.034026 0.056611
0 0.398703 0.687958 0.043240 0.025917
0 0.368690 0.701000 0.019672 0.066815
0 0.471495 0.888194 0.028406 0.085648
0 0.163609 0.978352 0.031385 0.043741
0 0.026898 0.890079 0.051714 0.074602
0 0.533533 0.921106 0.018550 0.046930
0 0.756493 0.275495 0.014983 0.082445
