0 0.149385 0.290894 0.015437 0.031787
0 0.165943 0.321630 0.039177 0.022889
0 0.227534 0.340588 0.042568 0.031176
0 0.264273 0.361838 0.034797 0.040343
0 0.256862 0.368662 0.043932 0.033620
0 0.229331 0.424648 0.030536 0.008556
0 0.221938 0.452093 0.028250 0.013444
0 0.229917 0.432273 0.065042 0.027509
0 0.274247 0.516542 0.018286 0.025676
0 0.149750 0.644796 0.044292 0.054407
0 0.150255 0.558111 0.047385 0.045852
0 0.152521 0.697319 0.022750 0.042787
0 0.425987 0.747097 0.018641 0.088639
0 0.468450 0.847115 0.025441 0.047934
0 0.450880 0.894671 0.004885 0.017120
0 0.050896 0.261144 0.041375 0.046361
0 0.275031 0.064713 0.045896 0.060907
0 0.676729 0.901398 0.032625 0.049093
0 0.745313 0.980093 0.013542 0.039815
0 0.823359 0.584981 0.027969 0.071815
0 0.751062 0.646634 0.032333 0.063639
0 0.729844 0.704560 0.032604 0.057269
0 0.865341 0.825269 0.021307 0.070907
0 0.838919 0.617306 0.023672 0.030907
0 0.561805 0.811329 0.021526 0.076361
0 0.688229 0.372120 0.010833 0.060907
0 0.669857 0.373921 0.043880 0.066361
0 0.225039 0.781968 0.018828 0.047269
0 0.239161 0.785741 0.050198 0.040000
0 0.845617 0.641782 0.028734 0.037269
0 0.825206 0.854190 0.028536 0.047269
0 0.537104 0.108935 0.025250 0.093796
0 0.678076 0.038681 0.032193 0.044028
0 0.488979 0.274343 0.027958 0.044981
0 0.437875 0.336380 0.023667 0.044981
0 0.477628 0.298616 0.049005 0.028713
0 0.705578 0.142250 0.019490 0.064130
0 0.176029 0.357583 0.016641 0.039241
0 0.499747 0.626634 0.018245 0.038454
0 0.519130 0.589315 0.015344 0.026778
0 0.484469 0.629069 0.009563 0.037769
0 0.532391 0.788954 0.022073 0.050130
0 0.596807 0.937278 0.018615 0.059741
0 0.882182 0.201250 0.035198 0.024722
0 0.988276 0.202042 0.023427 0.028157
0 0.989529 0.168986 0.020724 0.039824
0 0.961880 0.206847 0.024802 0.037769
0 0.440315 0.304277 0.044023 0.057319
0 0.736074 0.098699 0.024182 0.067240
0 0.770176 0.167593 0.027902 0.061728
0 0.233574 0.231481 0.030449 0.056980
0 0.171074 0.115385 0.027244 0.061254
0 0.118590 0.048433 0.021635 0.049858
0 0.628205 0.024217 0.015224 0.038462
0 0.704327 0.777066 0.023237 0.045584
