0 0.479427 0.446296 0.033854 0.061111
0 0.991406 0.539352 0.017188 0.041667
0 0.399479 0.367593 0.033333 0.050000
0 0.491927 0.467593 0.043229 0.053704
0 0.768750 0.502778 0.056250 0.040741
0 0.163281 0.030556 0.049479 0.057407
0 0.136979 0.562963 0.036458 0.072222
0 0.751302 0.201389 0.018229 0.078704
0 0.698958 0.806019 0.054167 0.041667
0 0.539323 0.193056 0.058854 0.037963
0 0.225781 0.793981 0.040104 0.071296
0 0.936458 0.731019 0.030208 0.028704
0 0.542708 0.205093 0.059375 0.052778
