0 0.391656 0.074759 0.033313 0.038407
0 0.546740 0.286704 0.024729 0.060444
0 0.518003 0.428472 0.032880 0.058796
0 0.777307 0.718000 0.045240 0.050815
0 0.807523 0.776329 0.050464 0.035991
0 0.784464 0.842995 0.027260 0.074880
0 0.908794 0.393537 0.030089 0.048185
0 0.978698 0.504648 0.018854 0.085222
0 0.178513 0.526028 0.047651 0.029833
0 0.367951 0.713407 0.043193 0.030519
0 0.505836 0.032218 0.016880 0.064435
0 0.535693 0.035880 0.016177 0.062500
0 0.425799 0.118848 0.031393 0.040589
0 0.096533 0.053526 0.042095 0.069762
0 0.202840 0.923643 0.036387 0.026636
0 0.599529 0.526002 0.024971 0.058346
0 0.250642 0.146119 0.039241 0.029173
