0 0.572897 0.898647 0.072957 0.036040
0 0.466760 0.634005 0.039771 0.084676
0 0.816768 0.259380 0.031453 0.111352
0 0.731594 0.571093 0.052771 0.097741
0 0.951349 0.520727 0.036031 0.043306
0 0.985182 0.409333 0.021406 0.066815
0 0.933299 0.415773 0.039516 0.029694
0 0.931208 0.392023 0.031167 0.043306
0 0.747555 0.248495 0.032609 0.035880
0 0.792102 0.162704 0.032120 0.045778
0 0.790943 0.308681 0.027719 0.035880
0 0.242388 0.236467 0.046474 0.052707
0 0.212987 0.370736 0.100974 0.054435
0 0.281851 0.508084 0.063702 0.073575
0 0.580612 0.153440 0.040391 0.042065
0 0.528336 0.108361 0.030630 0.025981
0 0.612552 0.102819 0.031354 0.037120
0 0.511083 0.706569 0.013833 0.081657
0 0.184443 0.731532 0.056385 0.048250
0 0.295315 0.964269 0.050005 0.065574
0 0.110176 0.078348 0.038462 0.047009
