0 0.474331 0.412250 0.020536 0.050426
0 0.382711 0.073495 0.019589 0.082176
0 0.387138 0.211500 0.023234 0.078556
0 0.717859 0.134620 0.018010 0.056278
0 0.874297 0.321481 0.054844 0.035556
0 0.987823 0.381917 0.021479 0.049019
0 0.927544 0.320551 0.029047 0.033694
0 0.974021 0.583597 0.024083 0.059787
0 0.975065 0.840384 0.022005 0.040028
0 0.330247 0.498852 0.011536 0.066222
0 0.389022 0.445157 0.028846 0.051282
0 0.232772 0.586895 0.032051 0.021368
0 0.185897 0.519231 0.024840 0.051282
0 0.068510 0.474359 0.032051 0.044160
0 0.758013 0.796296 0.021635 0.055556
0 0.533253 0.110399 0.016026 0.054131
0 0.585337 0.124644 0.033654 0.051282
0 0.513221 0.422365 0.032051 0.059829
0 0.621795 0.230769 0.026442 0.035613
0 0.717147 0.054131 0.028045 0.081197
0 0.840545 0.217236 0.010417 0.051282
0 0.733974 0.512108 0.040865 0.048433
0 0.714744 0.393875 0.021635 0.051282
0 0.522837 0.975783 0.011218 0.041311
0 0.322516 0.722934 0.028846 0.034188
0 0.059696 0.580484 0.040064 0.045584
0 0.378606 0.210114 0.032051 0.079772
