0 0.142448 0.549074 0.031771 0.070370
0 0.180729 0.033796 0.042708 0.067593
0 0.749479 0.205556 0.032292 0.055556
0 0.529427 0.192593 0.049479 0.044444
0 0.775781 0.515741 0.039062 0.062963
0 0.236458 0.800000 0.017708 0.068519
0 0.685677 0.788889 0.033854 0.077778
0 0.554688 0.210185 0.040625 0.057407
0 0.909375 0.692593 0.034375 0.064815
0 0.217708 0.797685 0.034375 0.075000
0 0.481250 0.444444 0.022917 0.077778
0 0.484635 0.469907 0.036979 0.060185
0 0.506250 0.492593 0.051042 0.053704
