0 0.157639 0.160891 0.034722 0.084158
0 0.048611 0.092822 0.047222 0.042079
0 0.820833 0.871287 0.033333 0.049505
0 0.037500 0.608911 0.019444 0.074257
0 0.671528 0.628713 0.037500 0.024752
0 0.164583 0.559406 0.034722 0.044554
0 0.404861 0.414604 0.059722 0.037129
0 0.609722 0.477723 0.030556 0.044554
0 0.929861 0.884901 0.020833 0.061881
0 0.129861 0.122525 0.045833 0.042079
0 0.015972 0.224010 0.023611 0.081683
0 0.251389 0.549505 0.038889 0.049505
0 0.779861 0.971535 0.034722 0.051980
0 0.495833 0.423267 0.058333 0.049505
0 0.140278 0.949257 0.027778 0.066832
0 0.879861 0.259901 0.040278 0.044554
