0 0.536029 0.068359 0.022059 0.039062
0 0.758824 0.985352 0.016176 0.025391
0 0.987500 0.131348 0.023529 0.077148
0 0.208456 0.705566 0.021324 0.028320
0 0.958088 0.422852 0.041176 0.025391
0 0.990809 0.702148 0.018382 0.019531
0 0.125735 0.447266 0.061765 0.037109
0 0.940441 0.278809 0.030882 0.032227
0 0.069118 0.603027 0.027941 0.028320
0 0.933088 0.316406 0.030882 0.052734
0 0.033456 0.666016 0.027206 0.025391
0 0.606250 0.814941 0.034559 0.026367
0 0.125368 0.348145 0.028676 0.040039
0 0.405515 0.111816 0.043382 0.028320
0 0.865074 0.888184 0.036029 0.036133
0 0.240074 0.082520 0.025735 0.057617
0 0.399632 0.867188 0.044853 0.044922
0 0.384559 0.570312 0.030882 0.027344
0 0.173897 0.146484 0.027206 0.076172
0 0.853676 0.983398 0.029412 0.029297
0 0.902206 0.804688 0.032353 0.039062
0 0.255515 0.599609 0.018382 0.054688
0 0.947426 0.645020 0.022794 0.045898
0 0.053676 0.096680 0.030882 0.025391
0 0.809191 0.245605 0.047794 0.088867
0 0.421324 0.962891 0.023529 0.041016
0 0.505515 0.908691 0.058088 0.053711
0 0.248897 0.770020 0.033088 0.022461
0 0.808088 0.099609 0.035294 0.029297
0 0.673897 0.120605 0.024265 0.055664
0 0.489706 0.811523 0.033824 0.033203
0 0.518015 0.208984 0.065441 0.056641
0 0.856250 0.479980 0.027206 0.047852
0 0.117647 0.476562 0.063235 0.050781
0 0.474632 0.310059 0.025735 0.051758
0 0.358088 0.703613 0.025000 0.045898
0 0.287868 0.478027 0.022794 0.061523
0 0.342647 0.018066 0.032353 0.036133
