0 0.673177 0.420370 0.024479 0.053704
0 0.381510 0.630093 0.026562 0.030556
0 0.896615 0.472222 0.022396 0.050000
0 0.732031 0.546296 0.019271 0.040741
0 0.801302 0.418519 0.020313 0.033333
0 0.575000 0.825926 0.023958 0.031481
0 0.263281 0.751389 0.032813 0.041667
0 0.939583 0.364815 0.027083 0.038889
0 0.696354 0.100000 0.042708 0.031481
0 0.891927 0.078241 0.026562 0.037963
0 0.537240 0.963426 0.028646 0.056481
0 0.550000 0.667593 0.018750 0.051852
0 0.558073 0.396296 0.016146 0.044444
0 0.565104 0.653241 0.015625 0.041667
0 0.659635 0.338426 0.039062 0.026852
0 0.327604 0.237037 0.026042 0.033333
0 0.578385 0.865741 0.021354 0.072222
0 0.361979 0.411574 0.018750 0.039815
0 0.139063 0.895370 0.035417 0.035185
0 0.436979 0.632407 0.021875 0.038889
0 0.544531 0.066667 0.043229 0.048148
0 0.266406 0.725926 0.033854 0.031481
0 0.776563 0.407407 0.026042 0.029630
0 0.214323 0.128704 0.030729 0.046296
0 0.577083 0.178241 0.023958 0.034259
0 0.370833 0.844907 0.027083 0.034259
0 0.510938 0.378704 0.015625 0.042593
0 0.647656 0.233333 0.015104 0.055556
0 0.164323 0.919907 0.031771 0.078704
0 0.333073 0.526389 0.019271 0.076852
0 0.677604 0.975000 0.033333 0.031481
0 0.294010 0.525463 0.024479 0.043519
0 0.951823 0.605093 0.034896 0.028704
0 0.489583 0.594907 0.030208 0.026852
0 0.203906 0.319907 0.042188 0.073148
0 0.600781 0.733333 0.019271 0.042593
0 0.778906 0.779167 0.035937 0.049074
0 0.694531 0.187963 0.016146 0.062963
0 0.725781 0.844444 0.031771 0.046296
0 0.943490 0.493519 0.025521 0.051852
0 0.501302 0.170370 0.032813 0.051852
0 0.043229 0.249537 0.016667 0.065741
0 0.256510 0.118519 0.027604 0.068519
0 0.465625 0.693981 0.022917 0.034259
0 0.581250 0.158333 0.019792 0.027778
0 0.407552 0.965741 0.026562 0.022222
0 0.393229 0.630556 0.019792 0.085185
0 0.155208 0.611111 0.023958 0.027778
0 0.135156 0.518519 0.026562 0.038889
