0 0.990104 0.514352 0.019792 0.045370
0 0.157031 0.046759 0.039062 0.045370
0 0.189323 0.030093 0.038021 0.056481
0 0.141406 0.553704 0.044271 0.044444
0 0.485156 0.470370 0.035937 0.048148
0 0.218229 0.805556 0.041667 0.040741
0 0.510156 0.522685 0.069271 0.063889
0 0.391927 0.281019 0.031771 0.067593
0 0.523177 0.209259 0.050521 0.038889
0 0.560677 0.220833 0.035937 0.041667
0 0.690625 0.796759 0.041667 0.065741
0 0.910156 0.689352 0.036979 0.047222
0 0.751823 0.528241 0.044271 0.058333
