0 0.987240 0.161574 0.025521 0.052778
0 0.572839 0.238366 0.017552 0.087843
0 0.383245 0.236634 0.033156 0.071417
0 0.266284 0.232690 0.028401 0.063528
0 0.305992 0.380435 0.021359 0.051611
0 0.448536 0.689894 0.039781 0.040898
0 0.508570 0.694847 0.016099 0.082287
0 0.602271 0.712019 0.031625 0.088852
0 0.392094 0.884690 0.023771 0.074935
0 0.334062 0.659315 0.036875 0.070481
0 0.725094 0.807954 0.069979 0.047389
0 0.912336 0.590250 0.022589 0.082352
0 0.953552 0.458875 0.037313 0.064046
0 0.589063 0.981019 0.041667 0.037963
0 0.184289 0.366819 0.046376 0.019026
0 0.132206 0.382674 0.029252 0.053272
