0 0.392727 0.619134 0.050036 0.060491
0 0.857341 0.476384 0.038641 0.091657
0 0.785128 0.384787 0.059839 0.049204
0 0.814362 0.299144 0.026641 0.077917
0 0.736880 0.526005 0.032094 0.092750
0 0.703229 0.230769 0.045000 0.031907
0 0.587938 0.350611 0.066500 0.053074
0 0.585211 0.930551 0.049589 0.048139
0 0.568378 0.675398 0.016964 0.067463
0 0.354187 0.032806 0.049000 0.039685
0 0.190818 0.663097 0.022260 0.050269
0 0.729742 0.732273 0.019901 0.088620
0 0.712512 0.736927 0.032862 0.065035
0 0.013057 0.329401 0.020691 0.081177
0 0.052654 0.865931 0.054224 0.038052
