0 0.200716 0.158468 0.055599 0.042861
0 0.084971 0.267995 0.031401 0.063769
0 0.080154 0.327838 0.049891 0.048269
0 0.446591 0.633847 0.021307 0.071398
0 0.454836 0.624125 0.023214 0.098250
0 0.614703 0.622963 0.040865 0.055185
0 0.749112 0.434875 0.062807 0.058639
0 0.512378 0.809134 0.028922 0.094194
0 0.398594 0.611843 0.035729 0.032944
0 0.411872 0.732954 0.025828 0.084426
0 0.312154 0.060977 0.058682 0.060843
0 0.958358 0.273964 0.039683 0.095899
0 0.984499 0.907407 0.029960 0.090741
0 0.123785 0.676852 0.035962 0.070547
