0 0.611935 0.240787 0.020745 0.081574
0 0.930302 0.464810 0.022062 0.081472
0 0.948745 0.422968 0.029781 0.071861
0 0.909568 0.708449 0.050385 0.029861
0 0.982031 0.758079 0.033854 0.042083
0 0.553706 0.776694 0.025120 0.077463
0 0.363005 0.838921 0.022885 0.081546
0 0.281844 0.980444 0.041812 0.038667
0 0.468094 0.914944 0.046604 0.046556
0 0.475268 0.966139 0.023453 0.065611
0 0.715594 0.919259 0.060354 0.032963
0 0.408073 0.240639 0.034896 0.064611
0 0.024742 0.647829 0.048443 0.066028
0 0.401112 0.626968 0.025141 0.065046
0 0.363367 0.671806 0.041318 0.045463
0 0.164669 0.335551 0.036630 0.035917
0 0.271104 0.258343 0.014083 0.051870
0 0.317482 0.158708 0.020380 0.060009
0 0.871339 0.588583 0.032260 0.062352
0 0.429723 0.083333 0.033533 0.038052
0 0.755779 0.267884 0.013556 0.074835
