0 0.087500 0.066832 0.050000 0.044554
0 0.925000 0.871287 0.019444 0.069307
0 0.125000 0.120050 0.047222 0.042079
0 0.576389 0.462871 0.052778 0.044554
0 0.714583 0.547030 0.043056 0.034653
0 0.389583 0.414604 0.043056 0.056931
0 0.138889 0.938119 0.022222 0.074257
0 0.670139 0.626238 0.037500 0.029703
0 0.495139 0.428218 0.051389 0.064356
0 0.167361 0.561881 0.034722 0.044554
0 0.029861 0.622525 0.029167 0.071782
0 0.251389 0.544554 0.033333 0.044554
0 0.781250 0.970297 0.034722 0.049505
0 0.822222 0.868812 0.033333 0.054455
0 0.242361 0.033416 0.023611 0.071782
0 0.420833 0.433168 0.036111 0.034653
