0 0.747656 0.975463 0.018229 0.049074
0 0.698177 0.968056 0.023438 0.047222
0 0.290104 0.203241 0.023958 0.060185
0 0.378906 0.606944 0.032813 0.026852
0 0.363281 0.831944 0.017188 0.060185
0 0.908333 0.518056 0.033333 0.058333
0 0.215104 0.493519 0.040625 0.029630
0 0.980208 0.698611 0.037500 0.030556
0 0.902604 0.114815 0.048958 0.068519
0 0.757031 0.465741 0.049479 0.037037
0 0.557552 0.682870 0.029687 0.032407
0 0.577604 0.647222 0.023958 0.074074
0 0.975781 0.637963 0.046354 0.055556
