0 0.545052 0.492593 0.028646 0.057407
0 0.309635 0.841667 0.042188 0.077778
0 0.880729 0.884722 0.038542 0.050926
0 0.573177 0.212500 0.063021 0.058333
0 0.535156 0.022685 0.019271 0.045370
0 0.076302 0.547685 0.040104 0.069444
0 0.561979 0.451389 0.038542 0.125000
0 0.317188 0.852315 0.056250 0.100926
0 0.837500 0.050000 0.028125 0.072222
0 0.942708 0.305093 0.027083 0.076852
0 0.977604 0.817130 0.044792 0.063889
0 0.878906 0.930093 0.034896 0.106481
0 0.516927 0.868056 0.035937 0.039815
0 0.304688 0.108333 0.044792 0.038889
0 0.391927 0.752778 0.039062 0.050000
0 0.382552 0.381944 0.049479 0.076852
0 0.424479 0.130556 0.030208 0.081481
0 0.490104 0.835185 0.031250 0.075926
