0 0.014338 0.014648 0.030147 0.027344
0 0.196691 0.972656 0.022794 0.025391
0 0.166176 0.681641 0.016176 0.027344
0 0.250735 0.677734 0.027941 0.029297
0 0.318382 0.005859 0.032353 0.013672
0 0.419485 0.202148 0.021324 0.033203
0 0.776103 0.347656 0.025735 0.041016
0 0.763603 0.170898 0.034559 0.042969
0 0.158088 0.146484 0.023529 0.023438
0 0.071324 0.617188 0.017647 0.042969
0 0.294853 0.691895 0.029412 0.038086
0 0.143750 0.399902 0.015441 0.030273
0 0.881985 0.889648 0.033088 0.033203
0 0.614338 0.747559 0.033088 0.034180
0 0.759926 0.024902 0.024265 0.043945
0 0.653309 0.058105 0.018382 0.036133
0 0.024632 0.589355 0.037500 0.028320
0 0.855147 0.624023 0.019118 0.046875
0 0.231985 0.702148 0.050735 0.042969
