0 0.166599 0.281019 0.067573 0.087963
0 0.180318 0.211528 0.042927 0.045278
0 0.053599 0.233796 0.051990 0.115741
0 0.101372 0.273148 0.055870 0.064815
0 0.409917 0.410185 0.027125 0.083333
0 0.667031 0.384722 0.041354 0.069444
0 0.174930 0.452546 0.067568 0.099537
0 0.405102 0.405556 0.020620 0.074074
0 0.659609 0.076852 0.050469 0.055556
0 0.668073 0.030556 0.036146 0.046296
0 0.836664 0.264352 0.024370 0.060185
0 0.739026 0.486111 0.016594 0.046296
0 0.765060 0.367361 0.042620 0.071759
0 0.881839 0.550926 0.028260 0.074074
0 0.650500 0.676389 0.021833 0.050926
0 0.766622 0.858796 0.042620 0.069444
0 0.354586 0.756250 0.051880 0.071759
0 0.177276 0.865046 0.049344 0.057870
0 0.416167 0.179398 0.027125 0.034722
0 0.580201 0.067130 0.016651 0.069444
0 0.848378 0.154398 0.042589 0.090278
0 0.700229 0.659722 0.034833 0.087963
0 0.820651 0.529398 0.030885 0.043981
0 0.883138 0.843750 0.046484 0.057870
0 0.866146 0.973611 0.033333 0.052778
0 0.056854 0.753472 0.048083 0.053241
0 0.294703 0.097685 0.025865 0.023148
0 0.290706 0.131250 0.036620 0.025463
0 0.562625 0.021991 0.023167 0.043981
