0 0.564844 0.503472 0.032813 0.081019
0 0.566529 0.459491 0.030974 0.085648
0 0.498424 0.873759 0.049974 0.049370
0 0.333419 0.873148 0.057464 0.055556
0 0.312587 0.822068 0.025422 0.084347
0 0.864115 0.933333 0.051146 0.055556
0 0.883138 0.897454 0.046484 0.067130
0 0.983297 0.827264 0.033260 0.089713
0 0.425497 0.119213 0.030161 0.108796
0 0.064750 0.559491 0.069083 0.020833
0 0.947206 0.319444 0.043370 0.055556
0 0.916727 0.302546 0.023036 0.108796
0 0.830906 0.067593 0.057646 0.064815
0 0.391497 0.362259 0.030911 0.041185
0 0.083172 0.527491 0.047743 0.047399
