0 0.770833 0.221296 0.036458 0.040741
0 0.131250 0.558333 0.022917 0.051852
0 0.014583 0.492593 0.029167 0.051852
0 0.655729 0.119907 0.045833 0.034259
0 0.396354 0.926852 0.031250 0.070370
0 0.125781 0.492130 0.039062 0.047222
0 0.961979 0.531019 0.033333 0.056481
0 0.474479 0.866667 0.050000 0.044444
0 0.344010 0.174074 0.024479 0.057407
0 0.434375 0.519444 0.035417 0.070370
0 0.930729 0.706019 0.025000 0.075000
0 0.482031 0.527778 0.023438 0.055556
0 0.900781 0.167130 0.033854 0.075000
