0 0.404557 0.368333 0.051823 0.057037
0 0.547107 0.471625 0.041089 0.098806
0 0.844836 0.889352 0.098005 0.162037
0 0.074776 0.578704 0.091219 0.074074
0 0.308930 0.838907 0.042859 0.081519
0 0.397667 0.751093 0.018250 0.092926
0 0.937208 0.302926 0.028583 0.048444
0 0.546557 0.029102 0.038948 0.058204
0 0.424346 0.108134 0.021609 0.068120
0 0.565102 0.219019 0.035411 0.038037
0 0.605047 0.217912 0.045510 0.048787
0 0.513480 0.881878 0.047743 0.059524
0 0.423574 0.788735 0.031622 0.054012
