0 0.561397 0.287109 0.022794 0.039062
0 0.338603 0.313477 0.030147 0.037109
0 0.100368 0.889648 0.028676 0.029297
0 0.943750 0.193848 0.025735 0.030273
0 0.096691 0.734863 0.030147 0.030273
0 0.377574 0.172852 0.028676 0.042969
0 0.608824 0.210938 0.052941 0.054688
0 0.462500 0.052734 0.019118 0.052734
0 0.519853 0.374023 0.026471 0.041016
0 0.408824 0.222656 0.023529 0.042969
0 0.147794 0.556152 0.033824 0.028320
0 0.488603 0.662109 0.022794 0.044922
0 0.489706 0.523438 0.020588 0.054688
