0 0.355729 0.727315 0.023958 0.047222
0 0.162760 0.355556 0.024479 0.057407
0 0.758854 0.048148 0.017708 0.062963
0 0.540625 0.905556 0.012500 0.040741
0 0.530208 0.517130 0.027083 0.034259
0 0.606250 0.872685 0.026042 0.075000
0 0.495052 0.416204 0.017188 0.036111
0 0.328906 0.085648 0.026562 0.043519
0 0.989583 0.830556 0.020833 0.050000
0 0.321875 0.200000 0.019792 0.044444
0 0.420052 0.032870 0.028646 0.025000
0 0.430729 0.467593 0.015625 0.066667
0 0.011458 0.666204 0.023958 0.030556
0 0.273698 0.204167 0.043229 0.041667
0 0.798177 0.613426 0.026562 0.056481
0 0.321354 0.784722 0.019792 0.049074
0 0.702083 0.861574 0.023958 0.071296
0 0.447656 0.758333 0.020313 0.068519
0 0.819531 0.586574 0.049479 0.049074
0 0.437760 0.865278 0.026562 0.034259
0 0.811979 0.850000 0.022917 0.033333
0 0.352604 0.117593 0.027083 0.068519
0 0.871875 0.080093 0.033333 0.052778
0 0.596354 0.822685 0.027083 0.034259
0 0.754427 0.595370 0.048438 0.062963
0 0.214583 0.514815 0.035417 0.029630
0 0.165104 0.576389 0.036458 0.032407
0 0.130208 0.168519 0.023958 0.057407
