0 0.210862 0.396741 0.040474 0.078667
0 0.682174 0.408778 0.042474 0.047185
0 0.678792 0.617870 0.023208 0.072778
0 0.466607 0.272578 0.025921 0.085897
0 0.479180 0.061907 0.028151 0.029370
0 0.858768 0.653065 0.022745 0.069093
0 0.845008 0.847338 0.025432 0.065046
0 0.027560 0.233958 0.017620 0.073472
0 0.248357 0.388171 0.021714 0.057824
0 0.209015 0.851700 0.039023 0.060951
0 0.271693 0.848727 0.030885 0.058565
0 0.426195 0.790606 0.018016 0.075657
0 0.659359 0.068625 0.023927 0.048361
0 0.026042 0.287037 0.051282 0.037037
0 0.135417 0.405271 0.023237 0.079772
0 0.111779 0.305556 0.054487 0.054131
0 0.139022 0.674501 0.054487 0.102564
0 0.195112 0.814103 0.032051 0.034188
0 0.196314 0.847578 0.028045 0.032764
0 0.227564 0.453704 0.031250 0.022792
0 0.233574 0.473647 0.043269 0.039886
0 0.512821 0.623932 0.034455 0.024217
0 0.418670 0.368946 0.033654 0.072650
0 0.699119 0.169516 0.012821 0.044160
0 0.814103 0.560541 0.037660 0.019943
0 0.705929 0.955840 0.048878 0.066952
0 0.473157 0.971510 0.049679 0.044160
0 0.427885 0.725783 0.026442 0.054131
0 0.259615 0.124644 0.013622 0.034188
0 0.552484 0.802707 0.016026 0.059829
0 0.177083 0.047009 0.023237 0.064103
0 0.594551 0.053419 0.013622 0.071225
0 0.622596 0.051994 0.023237 0.045584
0 0.639824 0.073362 0.028846 0.022792
0 0.904247 0.150285 0.019231 0.056980
0 0.952724 0.264957 0.036058 0.052707
0 0.969551 0.647436 0.037660 0.054131
0 0.745994 0.730769 0.023237 0.032764
0 0.228365 0.145299 0.029647 0.035613
0 0.728365 0.028490 0.015224 0.044160
0 0.474760 0.487892 0.016026 0.045584
0 0.149840 0.136752 0.024840 0.047009
