0 0.006250 0.577970 0.015278 0.042079
0 0.728472 0.506188 0.020833 0.051980
0 0.182639 0.373762 0.029167 0.044554
0 0.336111 0.940594 0.041667 0.034653
0 0.007639 0.757426 0.018056 0.054455
0 0.532639 0.639851 0.029167 0.042079
0 0.417361 0.396040 0.045833 0.034653
0 0.844444 0.660891 0.036111 0.044554
0 0.687500 0.482673 0.019444 0.054455
0 0.568750 0.757426 0.031944 0.034653
0 0.833333 0.724010 0.030556 0.071782
0 0.890972 0.891089 0.026389 0.039604
0 0.754861 0.506188 0.048611 0.047030
0 0.136111 0.227723 0.047222 0.034653
0 0.673611 0.564356 0.025000 0.059406
0 0.417361 0.474010 0.020833 0.081683
0 0.943750 0.162129 0.029167 0.061881
0 0.642361 0.832921 0.020833 0.071782
0 0.367361 0.263614 0.020833 0.071782
0 0.439583 0.246287 0.026389 0.066832
0 0.867361 0.544554 0.023611 0.059406
