0 0.370956 0.011230 0.038971 0.024414
0 0.523162 0.939941 0.053676 0.090820
0 0.725000 0.077148 0.067647 0.037109
0 0.416176 0.320312 0.073529 0.044922
0 0.672059 0.064941 0.041176 0.083008
0 0.033088 0.132812 0.038235 0.078125
0 0.172794 0.473145 0.052941 0.034180
0 0.547426 0.721191 0.096324 0.065430
0 0.976103 0.412598 0.044853 0.079102
0 0.787132 0.096191 0.046324 0.053711
0 0.381250 0.572266 0.063971 0.044922
0 0.480515 0.153809 0.021324 0.069336
0 0.844485 0.738770 0.024265 0.059570
0 0.677206 0.960449 0.047059 0.065430
0 0.920956 0.417480 0.061029 0.051758
0 0.898897 0.750977 0.044853 0.042969
