0 0.356854 0.044088 0.046000 0.082620
0 0.699589 0.226745 0.049177 0.040528
0 0.582177 0.362634 0.056021 0.053046
0 0.781966 0.386551 0.062891 0.041620
0 0.812013 0.319037 0.042776 0.060296
0 0.858836 0.454185 0.029130 0.084296
0 0.702813 0.555968 0.035833 0.054528
0 0.670419 0.900704 0.025214 0.086593
0 0.383859 0.619954 0.042719 0.047315
0 0.451128 0.444843 0.014755 0.058204
0 0.738966 0.500264 0.031057 0.026454
0 0.630357 0.226565 0.045883 0.038580
0 0.507279 0.741887 0.020461 0.088183
