0 0.367086 0.237287 0.053964 0.039389
0 0.477883 0.307241 0.055766 0.075593
0 0.609781 0.386903 0.036229 0.057139
0 0.633628 0.510880 0.027672 0.081019
0 0.631130 0.625014 0.032052 0.048176
0 0.785768 0.439162 0.039245 0.074620
0 0.418651 0.841088 0.018552 0.106250
0 0.568823 0.848514 0.028271 0.065546
0 0.650753 0.821097 0.028589 0.092194
0 0.554206 0.724171 0.017786 0.094639
0 0.474146 0.588625 0.027458 0.071694
0 0.212630 0.435597 0.051302 0.024898
0 0.199039 0.227935 0.020995 0.081796
0 0.840021 0.557616 0.049833 0.063380
0 0.762836 0.583500 0.034005 0.078111
0 0.741247 0.611491 0.036661 0.052611
0 0.804544 0.643593 0.042422 0.039037
0 0.825516 0.722176 0.030198 0.083241
0 0.742878 0.719333 0.045130 0.044222
0 0.934523 0.575977 0.018005 0.096398
0 0.854703 0.317255 0.050031 0.053028
0 0.742221 0.266833 0.038609 0.070704
0 0.052083 0.030627 0.071314 0.054131
0 0.012821 0.076923 0.023237 0.058405
0 0.040865 0.115385 0.034455 0.069801
0 0.040465 0.193732 0.032051 0.095442
0 0.016827 0.349003 0.032853 0.092593
0 0.115785 0.388177 0.060897 0.034188
0 0.103766 0.484330 0.043269 0.055556
0 0.046875 0.503561 0.025641 0.133903
0 0.019431 0.503314 0.038862 0.047939
0 0.007412 0.572724 0.014824 0.086746
0 0.060497 0.666667 0.028846 0.064103
0 0.010216 0.713958 0.020433 0.078912
0 0.015625 0.772792 0.028846 0.045584
0 0.040865 0.720085 0.026442 0.091168
0 0.083333 0.736467 0.052083 0.055556
0 0.089744 0.774217 0.018429 0.094017
0 0.132212 0.755698 0.044071 0.031339
0 0.167468 0.767806 0.045673 0.032764
0 0.204327 0.761396 0.026442 0.108262
0 0.136619 0.590456 0.049679 0.034188
0 0.175080 0.645299 0.033654 0.086895
0 0.155048 0.690171 0.038462 0.088319
0 0.021434 0.902995 0.042869 0.029638
0 0.139022 0.973647 0.028846 0.042735
0 0.230325 0.962144 0.030361 0.073860
0 0.279247 0.897436 0.051282 0.066952
0 0.331330 0.891026 0.043269 0.094017
0 0.262019 0.735755 0.026442 0.136752
0 0.297276 0.732906 0.060096 0.068376
0 0.348958 0.748575 0.040064 0.085470
0 0.363782 0.770655 0.034455 0.072650
0 0.393429 0.606125 0.044071 0.059829
0 0.255208 0.545584 0.048077 0.032764
0 0.270433 0.617521 0.035256 0.037037
0 0.254407 0.410256 0.020833 0.084046
0 0.235577 0.478632 0.056891 0.058405
0 0.287260 0.260684 0.027244 0.103989
0 0.233574 0.189459 0.051282 0.041311
0 0.154247 0.188746 0.032051 0.079772
0 0.144631 0.149573 0.025641 0.086895
0 0.125401 0.163818 0.033654 0.052707
0 0.114183 0.079060 0.054487 0.028490
0 0.201923 0.124644 0.044071 0.108262
0 0.278846 0.061254 0.036058 0.092593
0 0.305288 0.121083 0.023237 0.084046
0 0.387420 0.129630 0.033654 0.064103
0 0.463542 0.141738 0.048077 0.056980
0 0.529247 0.295584 0.041667 0.119658
0 0.572516 0.122507 0.016026 0.092593
0 0.564503 0.246439 0.049679 0.029915
0 0.579327 0.287749 0.045673 0.061254
0 0.576923 0.402422 0.024840 0.085470
0 0.497997 0.424501 0.044872 0.055556
0 0.521234 0.378205 0.036859 0.039886
0 0.536859 0.448006 0.034455 0.068376
0 0.542468 0.472222 0.037660 0.045584
0 0.461538 0.500000 0.024840 0.055556
0 0.369792 0.450855 0.044872 0.039886
0 0.355769 0.373932 0.044071 0.113960
0 0.554087 0.597578 0.054487 0.028490
0 0.563301 0.624644 0.029647 0.054131
0 0.578526 0.663105 0.031250 0.059829
0 0.621795 0.689459 0.044071 0.121083
0 0.699519 0.791311 0.040865 0.079772
0 0.712740 0.925214 0.057692 0.054131
0 0.685061 0.954309 0.029577 0.089530
0 0.646234 0.976496 0.024038 0.037037
0 0.801686 0.973540 0.020826 0.051068
0 0.834936 0.820513 0.044071 0.092593
0 0.868590 0.766382 0.032853 0.075499
0 0.901442 0.710114 0.037660 0.076923
0 0.956731 0.777066 0.048878 0.037037
0 0.978766 0.762108 0.038462 0.081197
0 0.978706 0.950624 0.041546 0.090706
0 0.874199 0.958689 0.037660 0.058405
0 0.863381 0.603989 0.030449 0.041311
0 0.722756 0.514245 0.040865 0.058405
0 0.704327 0.441595 0.020032 0.089744
0 0.680288 0.471510 0.023237 0.069801
0 0.661058 0.428775 0.016827 0.078348
0 0.632212 0.314103 0.040865 0.062678
0 0.602965 0.182336 0.019231 0.072650
0 0.612981 0.133903 0.029647 0.038462
0 0.681090 0.252137 0.076122 0.075499
0 0.693109 0.190171 0.021635 0.071225
0 0.699920 0.109687 0.032051 0.092593
0 0.680689 0.024217 0.032051 0.038462
0 0.659856 0.058405 0.028846 0.072650
0 0.742388 0.032051 0.030449 0.054131
0 0.788061 0.057692 0.043269 0.076923
0 0.758814 0.105413 0.044071 0.047009
0 0.777644 0.134615 0.024038 0.079772
0 0.808894 0.128917 0.057692 0.042735
0 0.802885 0.178775 0.032853 0.076923
0 0.802885 0.240741 0.026442 0.098291
0 0.832933 0.294872 0.030449 0.058405
0 0.772035 0.396724 0.043269 0.062678
0 0.732372 0.363960 0.061699 0.096866
0 0.895433 0.341168 0.048077 0.068376
0 0.954728 0.376781 0.049679 0.051282
0 0.896234 0.277066 0.040064 0.059829
0 0.931891 0.320513 0.044071 0.047009
0 0.965144 0.199430 0.054487 0.041311
0 0.880208 0.190171 0.041667 0.051282
0 0.845753 0.138889 0.036859 0.074074
0 0.872997 0.139601 0.027244 0.064103
0 0.871795 0.093305 0.040865 0.037037
0 0.886619 0.073362 0.067308 0.065527
0 0.846154 0.055556 0.028045 0.066952
0 0.865785 0.016382 0.056090 0.031339
0 0.969952 0.613960 0.040064 0.038462
0 0.976703 0.549448 0.045553 0.040491
0 0.987921 0.618858 0.023117 0.145123
0 0.961538 0.623932 0.021635 0.081197
0 0.935897 0.685185 0.036058 0.052707
0 0.831358 0.956446 0.022380 0.085256
0 0.446715 0.953704 0.065705 0.028490
0 0.390932 0.965705 0.025027 0.066738
