0 0.375260 0.075926 0.036979 0.044444
0 0.014063 0.445833 0.028125 0.084259
0 0.766927 0.219907 0.034896 0.036111
0 0.479427 0.532870 0.016146 0.073148
0 0.014583 0.491204 0.027083 0.062037
0 0.133333 0.559722 0.032292 0.056481
0 0.655208 0.130093 0.031250 0.043519
0 0.901302 0.165741 0.025521 0.085185
0 0.391927 0.925926 0.027604 0.077778
0 0.931510 0.710648 0.033854 0.041667
0 0.428385 0.519907 0.033854 0.067593
0 0.341927 0.172222 0.031771 0.064815
0 0.474479 0.862500 0.052083 0.050926
