0 0.111513 0.203856 0.023026 0.059565
0 0.155659 0.214968 0.046734 0.063269
0 0.326521 0.139255 0.028042 0.065546
0 0.589323 0.656079 0.027604 0.080676
0 0.635797 0.461569 0.025760 0.060176
0 0.677224 0.303884 0.067990 0.055917
0 0.776529 0.240440 0.029099 0.067917
0 0.808497 0.423833 0.055536 0.101370
0 0.942893 0.580824 0.036828 0.072759
0 0.606380 0.977463 0.053385 0.036407
0 0.298609 0.766523 0.033677 0.046009
0 0.499073 0.714426 0.038771 0.065889
0 0.916849 0.658157 0.047240 0.051500
0 0.267135 0.722759 0.032187 0.045519
0 0.604951 0.772315 0.038026 0.061296
0 0.225962 0.717236 0.045673 0.048433
0 0.563301 0.602564 0.023237 0.029915
0 0.654247 0.237179 0.025641 0.062678
0 0.762420 0.024217 0.028846 0.047009
0 0.973157 0.138889 0.051282 0.037037
0 0.800080 0.356125 0.020833 0.055556
0 0.154247 0.294872 0.043269 0.058405
0 0.141827 0.271368 0.021635 0.105413
0 0.882212 0.791311 0.032853 0.062678
0 0.556891 0.208689 0.015224 0.065527
0 0.596955 0.018519 0.036058 0.029915
