0 0.988802 0.791667 0.021354 0.035185
0 0.865104 0.896759 0.038542 0.069444
0 0.867708 0.935648 0.056250 0.056481
0 0.980208 0.839352 0.039583 0.067593
0 0.835677 0.050000 0.023438 0.062963
0 0.066927 0.541667 0.055729 0.037037
0 0.935156 0.308796 0.051562 0.052778
0 0.572656 0.480093 0.043229 0.060185
0 0.548177 0.471759 0.030729 0.075000
0 0.396354 0.754630 0.029167 0.075926
0 0.502083 0.871759 0.034375 0.049074
0 0.373958 0.391204 0.033333 0.069444
0 0.427083 0.118056 0.027083 0.097222
0 0.315885 0.870370 0.045312 0.085185
0 0.320833 0.830093 0.047917 0.037963
0 0.754427 0.089352 0.026562 0.063889
