0 0.432700 0.462836 0.040400 0.025281
0 0.261827 0.577258 0.034176 0.035761
0 0.586364 0.368594 0.041846 0.024297
0 0.649226 0.298134 0.021981 0.055253
0 0.346507 0.191753 0.037132 0.037803
0 0.687599 0.173506 0.029610 0.030605
0 0.640221 0.014399 0.020147 0.028799
0 0.786375 0.536392 0.019809 0.051299
0 0.020798 0.310205 0.041596 0.054004
0 0.791312 0.238022 0.020860 0.040498
0 0.800699 0.096329 0.029339 0.040314
0 0.665974 0.585386 0.040772 0.036006
0 0.353548 0.421006 0.032096 0.025605
0 0.331732 0.381946 0.035211 0.019256
0 0.818993 0.782199 0.034176 0.044014
0 0.505065 0.338442 0.028909 0.040064
