0 0.384083 0.125694 0.037958 0.081019
0 0.581731 0.128205 0.068109 0.064103
0 0.576522 0.338319 0.025641 0.056980
0 0.616286 0.330324 0.031531 0.062500
0 0.291667 0.168091 0.016827 0.075499
0 0.311298 0.034188 0.020833 0.064103
0 0.436823 0.809491 0.060104 0.039352
0 0.677232 0.826852 0.057589 0.101852
0 0.647893 0.619676 0.042661 0.067130
0 0.814183 0.809972 0.047115 0.031054
0 0.896286 0.754630 0.023823 0.074074
0 0.878703 0.403935 0.025115 0.067130
0 0.965946 0.209402 0.043269 0.066952
0 0.130208 0.716524 0.046474 0.058405
0 0.157452 0.925214 0.017628 0.065527
0 0.037019 0.641702 0.027724 0.085541
0 0.048478 0.329060 0.046474 0.047009
0 0.388622 0.328348 0.020032 0.068376
0 0.496394 0.378205 0.028846 0.059829
0 0.544519 0.254808 0.038556 0.055199
0 0.401042 0.455128 0.035256 0.028490
0 0.525122 0.451389 0.036703 0.050926
0 0.549607 0.546759 0.036714 0.078704
0 0.817708 0.846154 0.035256 0.044160
0 0.528446 0.834046 0.022436 0.062678
0 0.500401 0.865385 0.032051 0.031339
0 0.517228 0.946581 0.012821 0.094017
0 0.241587 0.210114 0.030449 0.074074
0 0.267228 0.224359 0.014423 0.082621
0 0.215946 0.198006 0.022436 0.061254
0 0.254407 0.022080 0.052885 0.031339
0 0.165865 0.397436 0.018429 0.072650
0 0.276442 0.631766 0.029647 0.042735
0 0.934295 0.086895 0.028045 0.047009
