0 0.011111 0.470297 0.022222 0.034653
0 0.604861 0.846535 0.023611 0.044554
0 0.388889 0.730198 0.030556 0.029703
0 0.534722 0.646040 0.030556 0.039604
0 0.093750 0.542079 0.026389 0.044554
0 0.183333 0.376238 0.030556 0.054455
0 0.834722 0.711634 0.022222 0.042079
0 0.463889 0.519802 0.025000 0.049505
0 0.334722 0.944307 0.036111 0.037129
0 0.984722 0.856436 0.030556 0.034653
0 0.726389 0.509901 0.022222 0.059406
0 0.882639 0.879950 0.037500 0.037129
0 0.661111 0.455446 0.033333 0.034653
0 0.138194 0.232673 0.048611 0.034653
0 0.764583 0.595297 0.034722 0.032178
0 0.759722 0.507426 0.030556 0.064356
0 0.672222 0.575495 0.027778 0.061881
0 0.813889 0.620050 0.036111 0.042079
0 0.359722 0.256188 0.022222 0.091584
0 0.573611 0.738861 0.033333 0.071782
0 0.447222 0.237624 0.033333 0.054455
0 0.473611 0.058168 0.033333 0.051980
0 0.411111 0.483911 0.030556 0.061881
0 0.042361 0.782178 0.031944 0.054455
0 0.838889 0.750000 0.044444 0.054455
