0 0.986806 0.472772 0.026389 0.039604
0 0.820833 0.349010 0.044444 0.034653
0 0.217361 0.934406 0.048611 0.037129
0 0.647222 0.387376 0.019444 0.051980
0 0.184722 0.376238 0.027778 0.049505
0 0.120139 0.569307 0.026389 0.044554
0 0.417361 0.475248 0.056944 0.039604
0 0.133333 0.230198 0.044444 0.034653
0 0.815278 0.771040 0.025000 0.081683
0 0.184722 0.657178 0.036111 0.032178
0 0.892361 0.893564 0.020833 0.039604
0 0.370139 0.238861 0.029167 0.042079
0 0.479861 0.042079 0.031944 0.044554
0 0.862500 0.454208 0.030556 0.047030
0 0.727083 0.501238 0.020833 0.051980
0 0.795833 0.655941 0.033333 0.074257
0 0.120833 0.420792 0.036111 0.049505
0 0.670833 0.507426 0.033333 0.064356
0 0.056944 0.768564 0.038889 0.071782
0 0.365972 0.298267 0.031944 0.042079
0 0.539583 0.743812 0.018056 0.066832
0 0.773611 0.469059 0.025000 0.061881
0 0.444444 0.236386 0.016667 0.066832
0 0.736111 0.634901 0.019444 0.091584
0 0.646528 0.819307 0.037500 0.064356
0 0.914583 0.175743 0.045833 0.074257
