0 0.359896 0.621231 0.030208 0.048019
0 0.392607 0.708903 0.028964 0.025213
0 0.344732 0.757829 0.034255 0.065657
0 0.677044 0.618032 0.025964 0.041620
0 0.734299 0.626273 0.026932 0.045139
0 0.781310 0.490069 0.015745 0.048657
0 0.883833 0.572491 0.026000 0.059796
0 0.963695 0.793162 0.025307 0.025213
0 0.979456 0.834111 0.023495 0.075630
0 0.637284 0.342773 0.026651 0.028139
0 0.601518 0.389046 0.026995 0.087352
0 0.466458 0.888653 0.037083 0.051380
0 0.386915 0.222222 0.010702 0.049467
0 0.245648 0.213343 0.023545 0.041857
0 0.257063 0.235540 0.023545 0.035515
0 0.670876 0.189878 0.024971 0.032978
0 0.401184 0.978184 0.024971 0.036783
0 0.393693 0.298326 0.027112 0.062151
