0 0.370784 0.233241 0.018651 0.133148
0 0.460086 0.420551 0.044130 0.028139
0 0.482102 0.465255 0.039203 0.032361
0 0.520716 0.369194 0.034141 0.064315
0 0.150219 0.553829 0.043146 0.031731
0 0.161883 0.491699 0.066474 0.118583
0 0.254646 0.543236 0.028042 0.123509
0 0.314536 0.785046 0.013448 0.108981
0 0.258505 0.791889 0.059719 0.035630
0 0.328260 0.914213 0.028396 0.078426
0 0.351914 0.842486 0.060078 0.033120
0 0.462534 0.681694 0.017776 0.094870
0 0.646646 0.764634 0.016208 0.107046
0 0.599359 0.811681 0.016427 0.134472
0 0.623102 0.778375 0.021203 0.084528
0 0.061298 0.061254 0.035256 0.058405
0 0.092147 0.100427 0.053686 0.193732
0 0.044471 0.138889 0.032051 0.116809
0 0.060897 0.164530 0.055288 0.048433
0 0.021234 0.237892 0.025641 0.089744
0 0.020032 0.344729 0.024840 0.101140
0 0.064904 0.397436 0.029647 0.089744
0 0.029647 0.517806 0.055288 0.037037
0 0.051282 0.670228 0.064904 0.037037
0 0.105369 0.750712 0.051282 0.069801
0 0.050280 0.854601 0.100561 0.058206
0 0.029247 0.919516 0.052885 0.062678
0 0.074920 0.907407 0.033654 0.078348
0 0.086138 0.900997 0.075321 0.116809
0 0.172676 0.790598 0.043269 0.098291
0 0.201122 0.804131 0.064904 0.056980
0 0.167869 0.696581 0.041667 0.086895
0 0.121394 0.672365 0.028846 0.027066
0 0.123798 0.725783 0.041667 0.039886
0 0.075321 0.469373 0.021635 0.074074
0 0.100962 0.356838 0.044071 0.133903
0 0.093349 0.342593 0.056090 0.042735
0 0.134615 0.250000 0.066506 0.048433
0 0.147837 0.227208 0.049679 0.088319
0 0.128205 0.051994 0.037660 0.074074
0 0.155849 0.051282 0.075321 0.044160
0 0.183093 0.036325 0.040064 0.065527
0 0.221554 0.047009 0.035256 0.086895
0 0.176683 0.197293 0.048077 0.042735
0 0.236779 0.146011 0.032051 0.037037
0 0.288061 0.128917 0.054487 0.071225
0 0.270032 0.046296 0.037660 0.085470
0 0.242388 0.186610 0.046474 0.044160
0 0.217949 0.234330 0.028045 0.082621
0 0.220353 0.254986 0.053686 0.052707
0 0.187099 0.287749 0.035256 0.092593
0 0.216346 0.297721 0.055288 0.066952
0 0.153846 0.353276 0.053686 0.095442
0 0.138622 0.425214 0.141827 0.105413
0 0.229167 0.414530 0.042468 0.081197
0 0.220753 0.370370 0.062500 0.044160
0 0.223958 0.339744 0.060897 0.059829
0 0.261619 0.238604 0.024038 0.085470
0 0.289263 0.198718 0.044071 0.068376
0 0.326522 0.150285 0.054487 0.019943
0 0.328125 0.185185 0.048077 0.066952
0 0.332532 0.215100 0.039263 0.081197
0 0.340946 0.246439 0.038462 0.066952
0 0.270032 0.361823 0.026442 0.106838
0 0.262019 0.391026 0.037660 0.059829
0 0.347356 0.024217 0.054487 0.041311
0 0.383814 0.061966 0.042468 0.054131
0 0.371795 0.123932 0.084135 0.047009
0 0.391827 0.160256 0.037660 0.042735
0 0.431891 0.084758 0.032853 0.045584
0 0.457532 0.097578 0.032853 0.079772
0 0.508814 0.133191 0.036058 0.085470
0 0.521234 0.064103 0.048077 0.092593
0 0.572516 0.138889 0.046474 0.091168
0 0.559295 0.227920 0.012019 0.075499
0 0.522837 0.200855 0.030449 0.052707
0 0.503606 0.217949 0.030449 0.044160
0 0.414663 0.349715 0.043269 0.034188
0 0.368189 0.398860 0.073718 0.052707
0 0.298077 0.449430 0.042468 0.048433
0 0.283654 0.540598 0.032853 0.048433
0 0.328526 0.538462 0.058494 0.064103
0 0.383814 0.548433 0.044071 0.092593
0 0.231571 0.630342 0.069712 0.056980
0 0.249199 0.646724 0.039263 0.084046
0 0.207532 0.748575 0.036058 0.094017
0 0.182368 0.947187 0.059141 0.103775
0 0.347356 0.799858 0.049679 0.102564
0 0.310096 0.690171 0.039263 0.108262
0 0.354567 0.642450 0.081731 0.066952
0 0.414663 0.666667 0.027244 0.081197
0 0.424279 0.795584 0.038462 0.119658
0 0.417468 0.868234 0.024840 0.094017
0 0.364984 0.925214 0.044872 0.034188
0 0.360978 0.961538 0.068910 0.032764
0 0.454728 0.943020 0.025641 0.089744
0 0.433200 0.958583 0.029060 0.080983
0 0.485176 0.972934 0.078526 0.038462
0 0.522436 0.893875 0.031250 0.068376
0 0.484375 0.868234 0.049679 0.054131
0 0.592949 0.925926 0.029647 0.078348
0 0.597756 0.904558 0.036058 0.058405
0 0.614272 0.952172 0.013000 0.093803
0 0.640625 0.948006 0.043269 0.056980
0 0.651442 0.887464 0.013622 0.069801
0 0.649840 0.930199 0.052083 0.021368
0 0.673478 0.745726 0.028846 0.119658
0 0.618590 0.676638 0.058494 0.078348
0 0.528045 0.660256 0.048878 0.062678
0 0.543269 0.721510 0.021635 0.076923
0 0.478766 0.604701 0.035256 0.116809
0 0.499199 0.542023 0.018429 0.071225
0 0.504407 0.572650 0.035256 0.118234
0 0.555288 0.522792 0.045673 0.052707
0 0.604968 0.527066 0.055288 0.092593
0 0.622997 0.590456 0.038462 0.062678
0 0.650641 0.570513 0.012019 0.079772
0 0.682692 0.638889 0.021635 0.096866
0 0.710337 0.635328 0.032051 0.098291
0 0.707131 0.728632 0.040064 0.105413
0 0.705128 0.784188 0.031250 0.054131
0 0.732372 0.846154 0.015224 0.118234
0 0.711538 0.913105 0.036058 0.112536
0 0.711443 0.972115 0.032661 0.053917
0 0.770032 0.913818 0.020032 0.074074
0 0.795757 0.967842 0.031082 0.062464
0 0.816472 0.967842 0.019964 0.062464
0 0.800080 0.774929 0.052885 0.078348
0 0.815705 0.838319 0.031250 0.091168
0 0.852163 0.862536 0.036859 0.102564
0 0.875401 0.923789 0.064103 0.062678
0 0.893029 0.887464 0.028846 0.106838
0 0.913061 0.891026 0.033654 0.082621
0 0.938702 0.905983 0.025641 0.052707
0 0.879407 0.805556 0.070513 0.039886
0 0.800881 0.703704 0.043269 0.072650
0 0.884615 0.713675 0.023237 0.112536
0 0.448718 0.402422 0.024840 0.068376
0 0.574519 0.356838 0.018429 0.079772
0 0.597756 0.423789 0.045673 0.076923
0 0.634615 0.475783 0.055288 0.052707
0 0.628205 0.511396 0.058494 0.055556
0 0.682692 0.488604 0.037660 0.061254
0 0.752804 0.634615 0.027244 0.056980
0 0.751202 0.690171 0.032051 0.074074
0 0.797676 0.631766 0.051282 0.045584
0 0.836138 0.715100 0.025641 0.084046
0 0.862981 0.742877 0.037660 0.042735
0 0.906250 0.674501 0.045673 0.071225
0 0.928285 0.760684 0.028846 0.098291
0 0.963542 0.747863 0.030449 0.066952
0 0.951522 0.670940 0.030449 0.075499
0 0.921074 0.636040 0.033654 0.062678
0 0.871795 0.578348 0.060096 0.089744
0 0.832933 0.594729 0.046474 0.028490
0 0.810897 0.535613 0.044071 0.066952
0 0.871795 0.537037 0.071314 0.035613
0 0.897035 0.498575 0.062500 0.027066
0 0.951923 0.506410 0.058494 0.028490
0 0.833333 0.425214 0.037660 0.051282
0 0.804888 0.401709 0.033654 0.081197
0 0.772837 0.450142 0.025641 0.115385
0 0.760016 0.407407 0.054487 0.032764
0 0.684696 0.370370 0.051282 0.106838
0 0.670272 0.402422 0.035256 0.068376
0 0.675080 0.432336 0.054487 0.037037
0 0.758413 0.306268 0.040064 0.069801
0 0.761619 0.225071 0.043269 0.084046
0 0.706330 0.257835 0.020833 0.072650
0 0.739984 0.304131 0.024038 0.076923
0 0.663061 0.284188 0.033654 0.082621
0 0.658253 0.178775 0.040064 0.068376
0 0.626603 0.197293 0.031250 0.082621
0 0.554888 0.034188 0.020833 0.064103
0 0.581731 0.039886 0.020032 0.078348
0 0.608974 0.067664 0.048878 0.048433
0 0.602163 0.081197 0.032051 0.018519
0 0.644631 0.129630 0.032051 0.061254
0 0.681891 0.080484 0.040865 0.054131
0 0.728766 0.103276 0.020833 0.076923
0 0.730369 0.034900 0.059295 0.068376
0 0.764022 0.014245 0.027244 0.027066
0 0.767628 0.108262 0.021635 0.064103
0 0.823718 0.172365 0.048878 0.049858
0 0.853365 0.222222 0.047276 0.047009
0 0.825321 0.287749 0.021635 0.103989
0 0.904647 0.334758 0.079327 0.044160
0 0.882212 0.407407 0.028045 0.061254
0 0.893029 0.404558 0.028846 0.032764
0 0.885817 0.435897 0.041667 0.027066
0 0.948718 0.413105 0.031250 0.081197
0 0.967949 0.430199 0.031250 0.058405
0 0.984776 0.429487 0.023237 0.059829
0 0.947115 0.328348 0.063301 0.074074
0 0.966346 0.287037 0.061699 0.048433
0 0.934295 0.214387 0.036058 0.042735
0 0.943510 0.242877 0.046474 0.062678
0 0.954327 0.160969 0.068109 0.044160
0 0.969551 0.068376 0.024840 0.112536
0 0.925481 0.036325 0.040865 0.051282
0 0.921875 0.079060 0.048077 0.048433
0 0.931490 0.111111 0.048077 0.064103
0 0.928686 0.128917 0.072917 0.085470
0 0.899038 0.020655 0.026442 0.039886
0 0.887420 0.051994 0.065705 0.042735
0 0.735176 0.470085 0.024038 0.072650
0 0.404647 0.447293 0.024840 0.058405
0 0.438301 0.163818 0.039263 0.061254
0 0.276909 0.962856 0.016158 0.072436
