0 0.991406 0.437500 0.017188 0.034259
0 0.244531 0.396296 0.026562 0.053704
0 0.215625 0.857407 0.023958 0.064815
0 0.424479 0.725000 0.027083 0.050000
0 0.224479 0.141204 0.039583 0.030556
0 0.644531 0.068056 0.033854 0.037963
0 0.685677 0.962963 0.024479 0.059259
0 0.148698 0.700926 0.049479 0.031481
0 0.466406 0.270370 0.032813 0.077778
0 0.989583 0.183333 0.020833 0.046296
0 0.686979 0.393056 0.028125 0.076852
0 0.423177 0.769444 0.017188 0.087037
0 0.704427 0.930556 0.038021 0.053704
0 0.668750 0.395833 0.035417 0.052778
0 0.256510 0.129167 0.022396 0.043519
0 0.140104 0.161574 0.037500 0.036111
0 0.848177 0.650926 0.017188 0.050000
0 0.486458 0.058796 0.035417 0.036111
0 0.156510 0.666204 0.019271 0.050926
0 0.847656 0.856944 0.032813 0.050926
0 0.658854 0.069444 0.028125 0.075926
0 0.676302 0.596759 0.018229 0.045370
0 0.232552 0.467593 0.051562 0.038889
0 0.023958 0.292593 0.046875 0.037037
0 0.618229 0.046759 0.019792 0.076852
0 0.133854 0.637500 0.027083 0.082407
0 0.418229 0.384259 0.030208 0.070370
0 0.269010 0.853241 0.024479 0.037963
0 0.124479 0.308796 0.059375 0.049074
0 0.198958 0.850000 0.036458 0.042593
0 0.473177 0.964815 0.046354 0.062963
0 0.511979 0.631019 0.030208 0.037963
0 0.970052 0.645370 0.027604 0.038889
0 0.805990 0.565278 0.031771 0.036111
0 0.212760 0.398611 0.045312 0.073148
0 0.950000 0.275926 0.041667 0.062963
0 0.902604 0.154167 0.028125 0.058333
0 0.022656 0.240741 0.040104 0.070370
0 0.213281 0.485185 0.036979 0.031481
0 0.594010 0.067130 0.021354 0.047222
0 0.491927 0.020833 0.025521 0.043519
0 0.421354 0.343056 0.038542 0.032407
0 0.699479 0.183796 0.014583 0.047222
0 0.728906 0.182870 0.020313 0.034259
