0 0.247966 0.200847 0.034474 0.068361
0 0.414477 0.067708 0.020620 0.083565
0 0.583201 0.382380 0.014318 0.059204
0 0.753875 0.437023 0.041083 0.038861
0 0.908253 0.447444 0.048797 0.046741
0 0.703234 0.766060 0.020010 0.054343
0 0.826208 0.913560 0.030542 0.058602
0 0.492043 0.509002 0.013744 0.060442
0 0.522425 0.511574 0.018084 0.055298
0 0.582827 0.577160 0.020255 0.078447
0 0.221861 0.384259 0.044850 0.037294
0 0.915220 0.328318 0.033999 0.025720
0 0.315900 0.721836 0.017361 0.051440
