0 0.511397 0.361816 0.016912 0.038086
0 0.695956 0.825195 0.015441 0.025391
0 0.088235 0.363770 0.020588 0.028320
0 0.397794 0.063477 0.017647 0.025391
0 0.803676 0.985352 0.020588 0.027344
0 0.854779 0.167480 0.028676 0.045898
0 0.703676 0.122070 0.030882 0.027344
0 0.079412 0.575195 0.030882 0.041016
0 0.613235 0.193359 0.023529 0.037109
0 0.801471 0.060059 0.016176 0.030273
0 0.329044 0.016113 0.025735 0.018555
0 0.452941 0.388184 0.030882 0.036133
0 0.040441 0.551270 0.027941 0.043945
0 0.582353 0.231934 0.022059 0.047852
0 0.765074 0.598145 0.022794 0.032227
0 0.502206 0.337891 0.026471 0.029297
0 0.900368 0.144531 0.018382 0.023438
0 0.986029 0.119141 0.020588 0.031250
0 0.056250 0.506348 0.037500 0.057617
0 0.844853 0.060059 0.026471 0.020508
0 0.799265 0.143066 0.027941 0.024414
0 0.483456 0.978027 0.030147 0.034180
0 0.668750 0.981445 0.022794 0.027344
0 0.623897 0.869141 0.028676 0.052734
0 0.718750 0.724609 0.021324 0.037109
0 0.680147 0.797852 0.033824 0.029297
0 0.039706 0.170898 0.027941 0.046875
0 0.080882 0.672852 0.023529 0.070312
0 0.685662 0.561523 0.040441 0.031250
0 0.785294 0.475098 0.027941 0.024414
0 0.670588 0.656738 0.048529 0.036133
0 0.337868 0.382812 0.025735 0.039062
0 0.187132 0.582031 0.030147 0.027344
0 0.647426 0.264648 0.027206 0.039062
0 0.093750 0.533691 0.019853 0.034180
0 0.633088 0.137695 0.025000 0.027344
0 0.552574 0.198730 0.033088 0.057617
0 0.340074 0.787109 0.022794 0.046875
0 0.456250 0.516113 0.033088 0.036133
0 0.590441 0.060059 0.030882 0.045898
0 0.429044 0.856445 0.027206 0.033203
