0 0.741659 0.316861 0.048943 0.052241
0 0.606526 0.127347 0.019302 0.097287
0 0.675797 0.427315 0.041177 0.067593
0 0.876737 0.205801 0.037849 0.033824
0 0.404492 0.479574 0.038151 0.094333
0 0.392273 0.288097 0.014755 0.087306
0 0.882826 0.475648 0.050026 0.034630
0 0.872701 0.563954 0.027693 0.061241
0 0.500203 0.790056 0.028531 0.022704
0 0.537146 0.777755 0.012833 0.059213
0 0.517708 0.746278 0.032292 0.046259
0 0.416487 0.711940 0.025682 0.068324
0 0.399685 0.730639 0.010828 0.064981
0 0.412500 0.966204 0.026042 0.067593
0 0.741641 0.782523 0.031198 0.037269
0 0.052609 0.601551 0.034385 0.043843
0 0.093659 0.787463 0.030026 0.024926
0 0.200681 0.738462 0.030529 0.065812
0 0.138622 0.043447 0.036058 0.045584
0 0.794872 0.122507 0.012019 0.049858
0 0.972356 0.828348 0.040064 0.062678
0 0.666667 0.703704 0.029647 0.024217
0 0.642628 0.486467 0.021635 0.037037
0 0.202724 0.578348 0.040865 0.018519
0 0.074519 0.837607 0.039263 0.041311
0 0.380609 0.090456 0.013622 0.054131
