0 0.533777 0.155569 0.050727 0.050454
0 0.506751 0.042379 0.035377 0.084758
0 0.662604 0.220759 0.017917 0.126704
0 0.561930 0.278958 0.016568 0.083843
0 0.600828 0.413255 0.052698 0.033917
0 0.669208 0.385606 0.035292 0.080472
0 0.412440 0.308662 0.050922 0.041398
0 0.597133 0.532745 0.045307 0.074750
0 0.703049 0.617079 0.020682 0.080454
0 0.758318 0.625606 0.053094 0.051213
0 0.411266 0.760014 0.015240 0.108917
0 0.640451 0.800630 0.032984 0.084593
0 0.984315 0.024215 0.030329 0.047005
0 0.968349 0.090456 0.019231 0.074074
0 0.939103 0.151709 0.117788 0.056980
0 0.985176 0.173077 0.025641 0.039886
0 0.904247 0.168091 0.046474 0.055556
0 0.933494 0.213675 0.031250 0.035613
0 0.948718 0.334046 0.028045 0.045584
0 0.983514 0.293102 0.031931 0.060563
0 0.956330 0.363960 0.060897 0.085470
0 0.958734 0.376781 0.051282 0.065527
0 0.976302 0.376862 0.046354 0.062516
0 0.992728 0.433577 0.013502 0.068008
0 0.958333 0.416667 0.048878 0.068376
0 0.952324 0.483618 0.044872 0.054131
0 0.895833 0.502849 0.064904 0.044160
0 0.882612 0.521368 0.040064 0.092593
0 0.947917 0.661681 0.044071 0.054131
0 0.919071 0.657407 0.026442 0.059829
0 0.061298 0.054131 0.036859 0.061254
0 0.968750 0.751425 0.044071 0.076923
0 0.926683 0.768519 0.036859 0.091168
0 0.919872 0.705128 0.037660 0.058405
0 0.893429 0.710826 0.034455 0.106838
0 0.845353 0.488604 0.028045 0.098291
0 0.837740 0.559117 0.036859 0.094017
0 0.868590 0.610399 0.058494 0.039886
0 0.805288 0.549145 0.045673 0.048433
0 0.802484 0.410256 0.027244 0.084046
0 0.854567 0.215100 0.060897 0.072650
0 0.888622 0.043447 0.060096 0.071225
0 0.929487 0.035613 0.029647 0.055556
0 0.941506 0.110399 0.031250 0.096866
0 0.857772 0.116097 0.041667 0.105413
0 0.844551 0.032764 0.040865 0.064103
0 0.804487 0.199430 0.045673 0.072650
0 0.775641 0.114672 0.020032 0.082621
0 0.760817 0.018519 0.035256 0.035613
0 0.741186 0.043447 0.045673 0.059829
0 0.730769 0.130342 0.015224 0.096866
0 0.684295 0.124644 0.024840 0.128205
0 0.678285 0.041311 0.019231 0.075499
0 0.650641 0.064103 0.060096 0.044160
0 0.634215 0.129630 0.046474 0.066952
0 0.717548 0.296296 0.030449 0.092593
0 0.724359 0.322650 0.045673 0.074074
0 0.745994 0.301994 0.032853 0.098291
0 0.777244 0.323362 0.012019 0.064103
0 0.760817 0.220085 0.044872 0.082621
0 0.756811 0.403134 0.057692 0.038462
0 0.687099 0.456553 0.028846 0.091168
0 0.734776 0.481481 0.021635 0.064103
0 0.772436 0.472222 0.034455 0.113960
0 0.818510 0.680912 0.038462 0.058405
0 0.847756 0.715812 0.045673 0.045584
0 0.866987 0.799145 0.052083 0.049858
0 0.894231 0.873219 0.023237 0.146724
0 0.916667 0.906695 0.036058 0.116809
0 0.947516 0.912393 0.048077 0.045584
0 0.975901 0.929397 0.047155 0.071044
0 0.805689 0.636040 0.048077 0.042735
0 0.759615 0.700142 0.045673 0.076923
0 0.795673 0.727208 0.021635 0.094017
0 0.805288 0.792735 0.047276 0.059829
0 0.844952 0.852564 0.027244 0.079772
0 0.877804 0.896011 0.059295 0.075499
0 0.868189 0.853989 0.035256 0.088319
0 0.822917 0.954416 0.032853 0.055556
0 0.772837 0.849003 0.036859 0.118234
0 0.798878 0.925926 0.031250 0.072650
0 0.812901 0.853989 0.017628 0.068376
0 0.732372 0.863960 0.029647 0.108262
0 0.726763 0.931624 0.036058 0.098291
0 0.713255 0.962856 0.016600 0.072436
0 0.709936 0.883903 0.029647 0.074074
0 0.707532 0.790598 0.028045 0.064103
0 0.685096 0.777778 0.034455 0.089744
0 0.676683 0.796296 0.054487 0.061254
0 0.675881 0.685897 0.027244 0.085470
0 0.635817 0.647436 0.033654 0.076923
0 0.625000 0.698718 0.056891 0.062678
0 0.598157 0.816952 0.025641 0.105413
0 0.613782 0.750000 0.028045 0.091168
0 0.576122 0.928063 0.034455 0.082621
0 0.615548 0.964993 0.029320 0.068162
0 0.634275 0.969979 0.024160 0.058191
0 0.652638 0.965705 0.024026 0.066738
0 0.525240 0.907407 0.040064 0.047009
0 0.514022 0.893162 0.017628 0.078348
0 0.493990 0.865385 0.033654 0.037037
0 0.542067 0.742165 0.022436 0.084046
0 0.560096 0.674501 0.040865 0.056980
0 0.497596 0.644587 0.032853 0.074074
0 0.528446 0.722934 0.044872 0.119658
0 0.537260 0.626781 0.027244 0.123932
0 0.562901 0.522792 0.040064 0.075499
0 0.559696 0.537749 0.062500 0.031339
0 0.620192 0.591168 0.055288 0.072650
0 0.657853 0.560541 0.031250 0.105413
0 0.548878 0.226496 0.032853 0.066952
0 0.581731 0.225783 0.042468 0.028490
0 0.434295 0.066239 0.069712 0.059829
0 0.431490 0.178775 0.049679 0.059829
0 0.516426 0.254986 0.046474 0.064103
0 0.413862 0.362536 0.032051 0.039886
0 0.423478 0.410256 0.017628 0.084046
0 0.399840 0.391026 0.036058 0.048433
0 0.454728 0.387464 0.020833 0.061254
0 0.449119 0.414530 0.036859 0.049858
0 0.515625 0.371795 0.035256 0.035613
0 0.516426 0.399573 0.036859 0.059829
0 0.501603 0.448006 0.018429 0.065527
0 0.477163 0.456553 0.036859 0.028490
0 0.503606 0.547721 0.033654 0.045584
0 0.479167 0.564103 0.032853 0.044160
0 0.483173 0.623219 0.037660 0.039886
0 0.467548 0.629630 0.041667 0.038462
0 0.410256 0.662393 0.021635 0.066952
0 0.447115 0.762108 0.028045 0.078348
0 0.442577 0.962144 0.024301 0.073860
0 0.470353 0.962963 0.039263 0.052707
0 0.506811 0.979345 0.040064 0.037037
0 0.398638 0.111111 0.025641 0.047009
0 0.379006 0.040598 0.020032 0.045584
0 0.364583 0.017806 0.034455 0.028490
0 0.314904 0.100427 0.048878 0.034188
0 0.362179 0.132479 0.021635 0.086895
0 0.388622 0.126068 0.044071 0.042735
0 0.388622 0.167379 0.028045 0.062678
0 0.366186 0.205128 0.045673 0.044160
0 0.352163 0.244302 0.051282 0.065527
0 0.335337 0.232194 0.027244 0.078348
0 0.305689 0.180912 0.046474 0.032764
0 0.314103 0.210114 0.042468 0.034188
0 0.264022 0.034188 0.065705 0.058405
0 0.218349 0.017094 0.032051 0.029915
0 0.243590 0.058405 0.069712 0.032764
0 0.255609 0.154558 0.048878 0.071225
0 0.262019 0.216524 0.052083 0.061254
0 0.256410 0.262108 0.064904 0.055556
0 0.271234 0.356838 0.028846 0.125356
0 0.215144 0.256410 0.052885 0.049858
0 0.185497 0.202279 0.041667 0.049858
0 0.174279 0.034188 0.038462 0.029915
0 0.166266 0.040598 0.056090 0.079772
0 0.134215 0.047009 0.020833 0.084046
0 0.137420 0.061254 0.035256 0.032764
0 0.066506 0.022080 0.016827 0.037037
0 0.093349 0.044872 0.022436 0.079772
0 0.016426 0.106838 0.030449 0.041311
0 0.110577 0.170228 0.021635 0.062678
0 0.161058 0.241453 0.023237 0.099715
0 0.187099 0.261396 0.036859 0.065527
0 0.113381 0.254274 0.065705 0.056980
0 0.028045 0.184473 0.028045 0.076923
0 0.110577 0.279202 0.029647 0.052707
0 0.177885 0.329772 0.021635 0.085470
0 0.208333 0.321225 0.026442 0.068376
0 0.236779 0.335470 0.033654 0.082621
0 0.195112 0.386752 0.038462 0.059829
0 0.161458 0.407407 0.038462 0.089744
0 0.164263 0.476496 0.026442 0.105413
0 0.215545 0.465100 0.029647 0.105413
0 0.249599 0.398860 0.068910 0.075499
0 0.248397 0.479345 0.023237 0.088319
0 0.296074 0.465100 0.022436 0.059829
0 0.242388 0.549858 0.043269 0.049858
0 0.254808 0.559829 0.018429 0.103989
0 0.269631 0.552707 0.019231 0.081197
0 0.290064 0.549858 0.040865 0.084046
0 0.322115 0.517094 0.039263 0.075499
0 0.362580 0.512821 0.059295 0.069801
0 0.386619 0.544160 0.033654 0.078348
0 0.364583 0.643162 0.037660 0.054131
0 0.284455 0.616809 0.087340 0.047009
0 0.268830 0.643162 0.062500 0.042735
0 0.324519 0.668803 0.048878 0.054131
0 0.072516 0.340456 0.033654 0.064103
0 0.087740 0.438034 0.035256 0.082621
0 0.017228 0.359687 0.030449 0.068376
0 0.054087 0.402422 0.036859 0.059829
0 0.026242 0.450762 0.052484 0.056794
0 0.042869 0.569088 0.052885 0.059829
0 0.071314 0.478632 0.026442 0.086895
0 0.095753 0.515670 0.075321 0.035613
0 0.158654 0.560541 0.044071 0.031339
0 0.189103 0.623219 0.018429 0.088319
0 0.217548 0.670940 0.043269 0.058405
0 0.211939 0.747863 0.016026 0.084046
0 0.243189 0.740741 0.054487 0.041311
0 0.328125 0.727920 0.022436 0.086895
0 0.370192 0.710114 0.045673 0.056980
0 0.393830 0.714387 0.022436 0.102564
0 0.385417 0.799145 0.039263 0.072650
0 0.421474 0.844017 0.018429 0.099715
0 0.399840 0.902422 0.037660 0.094017
0 0.351362 0.865385 0.062500 0.059829
0 0.362981 0.921652 0.047276 0.047009
0 0.324920 0.925214 0.035256 0.076923
0 0.361378 0.960114 0.052083 0.027066
0 0.280048 0.933048 0.032051 0.075499
0 0.289663 0.784188 0.027244 0.102564
0 0.120593 0.670228 0.043269 0.065527
0 0.147035 0.690883 0.057692 0.064103
0 0.084135 0.739316 0.028045 0.095442
0 0.094952 0.780627 0.041667 0.029915
0 0.155849 0.795584 0.036859 0.128205
0 0.171875 0.797721 0.035256 0.126781
0 0.204327 0.804131 0.048878 0.022792
0 0.189503 0.838319 0.035256 0.062678
0 0.203125 0.915954 0.038462 0.078348
0 0.152244 0.932336 0.052083 0.051282
0 0.078526 0.928775 0.029647 0.095442
0 0.042067 0.858262 0.081731 0.039886
0 0.040264 0.895038 0.080529 0.104891
0 0.021635 0.888177 0.037660 0.031339
0 0.039263 0.956553 0.076122 0.082621
0 0.033654 0.638889 0.045673 0.051282
0 0.872596 0.294160 0.026442 0.076923
0 0.898638 0.325499 0.051282 0.054131
0 0.940304 0.283476 0.036859 0.058405
0 0.880208 0.417379 0.035256 0.066952
0 0.965545 0.535613 0.034455 0.041311
0 0.571715 0.044160 0.044872 0.024217
0 0.589744 0.052707 0.040865 0.072650
0 0.083333 0.136040 0.023237 0.048433
0 0.560497 0.133903 0.059295 0.084046
