0 0.655354 0.387731 0.057583 0.062500
0 0.174797 0.275463 0.070427 0.078704
0 0.197714 0.219213 0.061052 0.062500
0 0.585031 0.072222 0.036729 0.092593
0 0.657961 0.081019 0.031547 0.060185
0 0.667031 0.045602 0.036146 0.039352
0 0.837810 0.156250 0.048536 0.081019
0 0.834060 0.265046 0.029578 0.067130
0 0.877281 0.549074 0.034771 0.092593
0 0.892771 0.634259 0.019917 0.046296
0 0.872073 0.623148 0.024354 0.037037
0 0.764409 0.379630 0.046526 0.111111
0 0.702182 0.350000 0.038740 0.083333
0 0.732841 0.500463 0.061516 0.125000
0 0.881438 0.837269 0.031625 0.057870
0 0.772302 0.844213 0.065438 0.043981
0 0.353219 0.761574 0.031438 0.041667
0 0.176625 0.444907 0.032417 0.050926
0 0.074430 0.230787 0.051984 0.122685
0 0.107078 0.293287 0.054781 0.099537
0 0.183654 0.451852 0.060016 0.055556
0 0.413122 0.399306 0.041870 0.085648
0 0.555469 0.958796 0.032813 0.078704
0 0.861253 0.962963 0.038130 0.074074
