0 0.533703 0.133819 0.022615 0.075046
0 0.585859 0.046315 0.058177 0.092630
0 0.508591 0.042926 0.051557 0.069185
0 0.417276 0.054375 0.037677 0.068009
0 0.461167 0.175005 0.024417 0.046306
0 0.490310 0.334435 0.033745 0.063315
0 0.594198 0.549343 0.038396 0.059796
0 0.487357 0.734315 0.040339 0.044556
0 0.455674 0.656292 0.019682 0.042213
0 0.310990 0.723296 0.025104 0.041037
0 0.252927 0.716292 0.052729 0.049250
0 0.746870 0.678472 0.026031 0.110648
0 0.800018 0.699866 0.038578 0.086769
0 0.807411 0.769579 0.055448 0.041009
0 0.983966 0.482551 0.018974 0.076213
0 0.983333 0.732870 0.033333 0.049074
0 0.811992 0.885069 0.022943 0.042361
0 0.461091 0.950481 0.029474 0.069481
0 0.202164 0.941171 0.038703 0.039750
0 0.185365 0.530407 0.048854 0.031185
0 0.059102 0.726389 0.036953 0.017593
0 0.054795 0.705479 0.029966 0.026636
0 0.094035 0.805682 0.039954 0.034247
0 0.025899 0.812659 0.047803 0.035515
0 0.105451 0.056697 0.051370 0.086251
0 0.054438 0.210173 0.052083 0.045662
0 0.201056 0.232369 0.028539 0.049467
