0 0.498611 0.596535 0.022222 0.084158
0 0.395139 0.613861 0.029167 0.034653
0 0.215972 0.478960 0.031944 0.032178
0 0.781250 0.027228 0.045833 0.054455
0 0.215972 0.424505 0.023611 0.037129
0 0.628472 0.194307 0.034722 0.056931
0 0.200694 0.450495 0.029167 0.034653
0 0.984722 0.486386 0.030556 0.037129
0 0.236111 0.137376 0.044444 0.051980
0 0.531944 0.283416 0.025000 0.042079
0 0.773611 0.641089 0.030556 0.074257
0 0.345833 0.551980 0.030556 0.034653
0 0.375694 0.263614 0.037500 0.042079
0 0.584722 0.261139 0.025000 0.066832
0 0.150000 0.923267 0.044444 0.039604
0 0.720139 0.293317 0.029167 0.042079
0 0.650000 0.405941 0.019444 0.049505
0 0.618750 0.603960 0.031944 0.059406
0 0.679861 0.611386 0.026389 0.054455
