0 0.168382 0.472656 0.052941 0.031250
0 0.033824 0.139648 0.047059 0.033203
0 0.530882 0.933105 0.063235 0.108398
0 0.977574 0.414062 0.043382 0.083984
0 0.723897 0.075195 0.069853 0.041016
0 0.930147 0.410645 0.061765 0.043945
0 0.547794 0.721191 0.098529 0.063477
0 0.413235 0.316406 0.083824 0.041016
0 0.373162 0.011230 0.040441 0.024414
0 0.845588 0.738770 0.023529 0.061523
0 0.481250 0.153320 0.021324 0.068359
0 0.783456 0.096191 0.047794 0.051758
0 0.678676 0.964355 0.051471 0.055664
0 0.898529 0.750977 0.044118 0.042969
0 0.375368 0.573730 0.050735 0.055664
0 0.672794 0.064941 0.039706 0.083008
