0 0.647656 0.015741 0.027604 0.031481
0 0.141406 0.573611 0.048438 0.049074
0 0.482031 0.460185 0.031771 0.044444
0 0.994010 0.512037 0.011979 0.053704
0 0.562760 0.215278 0.034896 0.054630
0 0.228906 0.808796 0.041146 0.062037
0 0.526302 0.211111 0.057813 0.044444
0 0.688802 0.792593 0.043229 0.057407
0 0.500781 0.503704 0.045312 0.053704
0 0.766406 0.518519 0.042188 0.048148
0 0.907552 0.684259 0.041146 0.044444
0 0.150260 0.029630 0.035937 0.059259
0 0.192188 0.042593 0.029167 0.051852
