0 0.983854 0.529167 0.032292 0.063889
0 0.486979 0.501852 0.031250 0.053704
0 0.489583 0.543056 0.033333 0.091667
0 0.161458 0.017593 0.022917 0.037037
0 0.636979 0.016204 0.038542 0.030556
0 0.662500 0.797222 0.021875 0.057407
0 0.507031 0.505556 0.051562 0.057407
0 0.193229 0.811574 0.026042 0.091667
0 0.547656 0.226389 0.052604 0.060185
0 0.840885 0.733796 0.045312 0.049074
0 0.763802 0.288889 0.043229 0.040741
0 0.367448 0.335185 0.026562 0.042593
0 0.702604 0.571759 0.040625 0.060185
0 0.221354 0.806944 0.033333 0.071296
0 0.108854 0.486574 0.027083 0.039815
