0 0.660294 0.297363 0.020588 0.053711
0 0.439338 0.604980 0.028676 0.049805
0 0.436029 0.653320 0.026471 0.068359
0 0.746324 0.323730 0.050000 0.043945
0 0.742647 0.381348 0.030882 0.079102
0 0.231618 0.636230 0.035294 0.040039
0 0.958456 0.037598 0.053676 0.071289
0 0.480515 0.023438 0.036029 0.046875
0 0.375368 0.903320 0.050735 0.037109
0 0.550000 0.953613 0.038235 0.051758
0 0.171691 0.111816 0.036029 0.043945
0 0.482353 0.589355 0.058824 0.036133
0 0.920956 0.054199 0.046324 0.069336
0 0.609926 0.723145 0.074265 0.083008
0 0.387132 0.785645 0.021324 0.067383
0 0.173162 0.549316 0.043382 0.057617
0 0.326103 0.912598 0.043382 0.047852
0 0.355882 0.710938 0.054412 0.054688
0 0.888235 0.601562 0.041176 0.068359
0 0.818015 0.166016 0.033088 0.058594
0 0.032353 0.710449 0.054412 0.028320
0 0.558824 0.979980 0.032353 0.040039
