0 0.463306 0.519381 0.023833 0.058564
0 0.425493 0.497067 0.020431 0.063441
0 0.350062 0.289257 0.033458 0.048812
0 0.380653 0.244196 0.041861 0.032946
0 0.444812 0.243304 0.036847 0.070767
0 0.924653 0.165965 0.032639 0.069554
0 0.731431 0.654567 0.012861 0.106163
0 0.786986 0.647178 0.035083 0.101287
0 0.535535 0.748193 0.037736 0.080545
0 0.682632 0.492871 0.012486 0.045149
0 0.664375 0.493243 0.017639 0.080545
0 0.665319 0.354728 0.030639 0.065891
0 0.154630 0.603685 0.043827 0.044004
0 0.113882 0.559715 0.024986 0.040223
0 0.054187 0.765136 0.030597 0.064926
0 0.655208 0.054059 0.027083 0.058614
0 0.856840 0.671225 0.030347 0.035520
0 0.973021 0.857921 0.032153 0.032673
0 0.890396 0.897079 0.014125 0.041683
0 0.624979 0.842042 0.016625 0.045470
0 0.923765 0.211496 0.024074 0.073707
