0 0.462740 0.562678 0.036859 0.055556
0 0.525781 0.324713 0.039062 0.080907
0 0.556846 0.388222 0.027234 0.087556
0 0.595353 0.349715 0.032853 0.145299
0 0.676683 0.199430 0.060897 0.055556
0 0.833112 0.212981 0.047474 0.090778
0 0.865146 0.181500 0.031333 0.090778
0 0.870340 0.081802 0.049174 0.076710
0 0.949920 0.087607 0.049679 0.096866
0 0.951781 0.474426 0.053562 0.041444
0 0.956109 0.422023 0.075760 0.023676
0 0.910737 0.341940 0.048557 0.069065
0 0.879808 0.329060 0.039263 0.118234
0 0.775026 0.272556 0.031302 0.071037
0 0.523638 0.089031 0.054487 0.065527
0 0.483173 0.027778 0.045673 0.051282
0 0.561218 0.049715 0.016186 0.095726
0 0.613007 0.057266 0.045726 0.024788
0 0.677544 0.063462 0.020713 0.119516
0 0.724359 0.063390 0.032853 0.071225
0 0.751713 0.050319 0.020252 0.100639
0 0.778045 0.054843 0.028045 0.062678
0 0.668859 0.737935 0.034594 0.059204
0 0.691907 0.601140 0.036859 0.035613
0 0.338141 0.559829 0.021635 0.112536
0 0.107745 0.746569 0.047781 0.069065
0 0.076534 0.698727 0.067651 0.078935
0 0.058997 0.450333 0.073203 0.071037
0 0.108557 0.397042 0.023365 0.114454
0 0.170797 0.254933 0.052332 0.058300
0 0.245921 0.205117 0.050335 0.044137
0 0.258013 0.165242 0.040865 0.044160
0 0.202083 0.136859 0.043750 0.049644
0 0.292167 0.064850 0.057492 0.091097
0 0.342242 0.920889 0.037609 0.076963
0 0.228045 0.889993 0.062340 0.053348
0 0.237340 0.848255 0.030929 0.074145
0 0.084936 0.846154 0.031250 0.072650
0 0.027987 0.882726 0.055974 0.057474
0 0.186419 0.605935 0.065547 0.102611
0 0.233672 0.505162 0.026719 0.047361
0 0.268997 0.502125 0.026536 0.069065
0 0.289096 0.496648 0.033401 0.041444
0 0.370180 0.679856 0.044526 0.037491
0 0.346005 0.208069 0.053469 0.038361
0 0.395776 0.399602 0.046760 0.071426
0 0.629006 0.609687 0.050481 0.084046
0 0.196695 0.383796 0.025681 0.139815
0 0.718654 0.151852 0.057099 0.037037
0 0.528128 0.214023 0.043755 0.041009
0 0.376581 0.821162 0.054203 0.116398
0 0.757117 0.528569 0.044443 0.070102
0 0.735737 0.612927 0.051763 0.049074
0 0.679375 0.342194 0.034792 0.089944
0 0.935818 0.526454 0.025802 0.071426
0 0.953839 0.524074 0.028510 0.064815
0 0.687109 0.528176 0.048177 0.076722
0 0.664792 0.814949 0.040000 0.105824
0 0.838875 0.776718 0.112125 0.079361
0 0.090828 0.250792 0.048323 0.107139
0 0.619329 0.123263 0.053561 0.039974
0 0.652219 0.095634 0.032562 0.063491
0 0.800268 0.555157 0.036995 0.062167
0 0.873919 0.463097 0.054089 0.050269
0 0.894674 0.415213 0.057057 0.039685
0 0.452245 0.352778 0.027406 0.055556
0 0.514141 0.646560 0.045990 0.044972
0 0.543156 0.654764 0.031104 0.087306
0 0.867596 0.805954 0.041443 0.104500
0 0.377328 0.610847 0.024448 0.103176
0 0.405893 0.613361 0.048245 0.104500
0 0.729167 0.857550 0.034455 0.084046
0 0.218492 0.693519 0.019276 0.083333
0 0.466305 0.386773 0.027401 0.093917
0 0.857477 0.559125 0.039953 0.088620
0 0.892073 0.532935 0.025812 0.071426
0 0.319221 0.688097 0.051984 0.087306
0 0.410284 0.694181 0.054943 0.130954
0 0.756871 0.662785 0.051162 0.043376
0 0.531651 0.419516 0.032051 0.051282
0 0.495192 0.455840 0.040865 0.044160
0 0.030649 0.069656 0.061298 0.052418
0 0.067308 0.024929 0.063301 0.045584
0 0.012220 0.274784 0.024439 0.063813
0 0.044992 0.322650 0.090304 0.065527
0 0.019631 0.347578 0.032051 0.047009
0 0.014824 0.456553 0.025641 0.039886
0 0.048077 0.527066 0.056891 0.089744
0 0.027644 0.617521 0.052885 0.051282
0 0.021835 0.681325 0.043670 0.073476
0 0.019431 0.783462 0.038862 0.046980
0 0.044872 0.821225 0.087340 0.037037
0 0.084936 0.956553 0.052083 0.059829
0 0.131054 0.969266 0.054399 0.059615
0 0.190304 0.910256 0.065705 0.106838
0 0.235577 0.794160 0.034455 0.105413
0 0.161458 0.774217 0.041667 0.119658
0 0.156651 0.717949 0.025641 0.066952
0 0.215545 0.545584 0.018429 0.103989
0 0.125401 0.623932 0.054487 0.044160
0 0.138622 0.641026 0.032853 0.049858
0 0.165064 0.483618 0.037660 0.085470
0 0.151042 0.418803 0.043269 0.106838
0 0.141426 0.469373 0.060897 0.088319
0 0.104968 0.317664 0.040865 0.069801
0 0.129407 0.198006 0.030449 0.061254
0 0.043670 0.178775 0.051282 0.037037
0 0.143429 0.160256 0.055288 0.034188
0 0.156250 0.148860 0.036058 0.042735
0 0.104968 0.050570 0.023237 0.096866
0 0.121394 0.049858 0.046474 0.075499
0 0.184295 0.217236 0.056891 0.085470
0 0.197115 0.289174 0.042468 0.084046
0 0.149439 0.027066 0.035256 0.047009
0 0.182292 0.034900 0.036859 0.062678
0 0.180288 0.079772 0.055288 0.035613
0 0.228365 0.099715 0.063301 0.032764
0 0.257212 0.076923 0.044071 0.029915
0 0.225962 0.024929 0.064904 0.045584
0 0.262420 0.276353 0.024038 0.092593
0 0.221554 0.408832 0.025641 0.121083
0 0.248798 0.371795 0.025641 0.089744
0 0.269231 0.368946 0.024840 0.118234
0 0.258413 0.408832 0.043269 0.032764
0 0.286458 0.554843 0.044872 0.054131
0 0.274439 0.592593 0.028846 0.055556
0 0.263622 0.670940 0.034455 0.029915
0 0.285657 0.632479 0.038462 0.055556
0 0.302484 0.616097 0.020833 0.082621
0 0.276042 0.712963 0.022436 0.074074
0 0.313702 0.784900 0.049679 0.049858
0 0.298478 0.967236 0.044872 0.055556
0 0.348723 0.979238 0.047607 0.039672
0 0.394631 0.965812 0.028846 0.052707
0 0.373798 0.930912 0.025641 0.054131
0 0.418670 0.835470 0.038462 0.165242
0 0.480369 0.970798 0.043269 0.048433
0 0.508814 0.970085 0.020032 0.052707
0 0.542386 0.972115 0.031087 0.053917
0 0.599359 0.936610 0.029647 0.082621
0 0.628606 0.938034 0.024038 0.045584
0 0.628021 0.964993 0.042100 0.068162
0 0.707131 0.952991 0.035256 0.089744
0 0.354167 0.037037 0.020032 0.072650
0 0.331330 0.126781 0.033654 0.098291
0 0.360176 0.116809 0.057692 0.064103
0 0.320112 0.207977 0.072115 0.072650
0 0.367388 0.263533 0.032051 0.049858
0 0.311699 0.420940 0.028045 0.054131
0 0.286058 0.481481 0.031250 0.058405
0 0.366587 0.518519 0.017628 0.064103
0 0.374199 0.463675 0.028045 0.065527
0 0.418269 0.435897 0.031250 0.052707
0 0.422676 0.624644 0.032051 0.056980
0 0.364183 0.710826 0.033654 0.072650
0 0.459936 0.851852 0.018429 0.078348
0 0.448718 0.745014 0.012019 0.069801
0 0.496795 0.867521 0.023237 0.066952
0 0.502404 0.923077 0.047276 0.038462
0 0.602163 0.857550 0.049679 0.055556
0 0.610176 0.787749 0.033654 0.081197
0 0.413061 0.346154 0.033654 0.027066
0 0.419872 0.319088 0.036058 0.024217
0 0.511218 0.554843 0.024840 0.056980
0 0.552885 0.688746 0.029647 0.054131
0 0.439503 0.654558 0.043269 0.028490
0 0.453926 0.629630 0.038462 0.041311
0 0.464744 0.652422 0.052083 0.038462
0 0.455128 0.673077 0.042468 0.037037
0 0.564503 0.774217 0.035256 0.037037
0 0.560897 0.736467 0.039263 0.035613
0 0.607372 0.724359 0.031250 0.074074
0 0.663462 0.863248 0.020032 0.066952
0 0.729567 0.792023 0.033654 0.058405
0 0.378606 0.048433 0.022436 0.052707
0 0.403045 0.118946 0.047276 0.136752
0 0.434696 0.138177 0.024038 0.069801
0 0.451522 0.031339 0.022436 0.055556
0 0.467548 0.126781 0.028846 0.061254
0 0.637420 0.128917 0.038462 0.062678
0 0.819311 0.089744 0.025641 0.072650
0 0.653846 0.239316 0.021635 0.078348
0 0.635016 0.574074 0.040064 0.064103
0 0.659054 0.569088 0.051282 0.042735
0 0.649840 0.477208 0.032853 0.058405
0 0.683894 0.402422 0.041667 0.065527
0 0.672276 0.420940 0.048878 0.028490
0 0.713942 0.317664 0.028045 0.072650
0 0.737580 0.335470 0.020833 0.062678
0 0.719551 0.446581 0.032853 0.062678
0 0.720353 0.487892 0.037660 0.031339
0 0.749599 0.487892 0.038462 0.048433
0 0.759615 0.406695 0.031250 0.054131
0 0.752003 0.346154 0.017628 0.084046
0 0.796074 0.413818 0.033654 0.059829
0 0.800881 0.480057 0.043269 0.035613
0 0.835337 0.561254 0.044872 0.078348
0 0.757612 0.702991 0.043269 0.048433
0 0.761619 0.811966 0.027244 0.081197
0 0.743590 0.791311 0.058494 0.048433
0 0.797676 0.875356 0.024038 0.048433
0 0.779247 0.857550 0.022436 0.101140
0 0.778074 0.952172 0.042527 0.093803
0 0.845753 0.905983 0.078526 0.061254
0 0.891827 0.883903 0.020032 0.111111
0 0.891026 0.945869 0.023237 0.101140
0 0.909856 0.896724 0.030449 0.076923
0 0.923077 0.937322 0.029647 0.049858
0 0.949519 0.779202 0.037660 0.029915
0 0.937500 0.746439 0.044071 0.035613
0 0.981571 0.702279 0.026442 0.075499
0 0.917468 0.672365 0.036058 0.098291
0 0.858974 0.723647 0.050481 0.024217
0 0.840545 0.666667 0.047276 0.066952
0 0.826923 0.678063 0.040865 0.061254
0 0.828125 0.709402 0.049679 0.032764
0 0.978766 0.534188 0.017628 0.084046
0 0.759215 0.210826 0.040064 0.055556
0 0.912660 0.274929 0.024840 0.049858
0 0.934295 0.214387 0.023237 0.079772
0 0.955128 0.260684 0.037660 0.084046
0 0.957131 0.349003 0.032051 0.072650
0 0.946715 0.410256 0.056090 0.044160
0 0.958734 0.400997 0.028846 0.096866
0 0.985978 0.313390 0.022436 0.069801
0 0.884615 0.026353 0.016827 0.051282
0 0.921474 0.025641 0.037660 0.049858
0 0.938702 0.018519 0.060897 0.035613
0 0.968750 0.064815 0.021635 0.125356
0 0.984716 0.936559 0.029527 0.051181
0 0.855369 0.348291 0.036859 0.074074
