0 0.083088 0.028320 0.035294 0.021484
0 0.070221 0.473145 0.025735 0.038086
0 0.990074 0.747559 0.018382 0.034180
0 0.040441 0.931152 0.035294 0.030273
0 0.897426 0.872070 0.027206 0.027344
0 0.561029 0.837402 0.035294 0.041992
0 0.462500 0.117188 0.022059 0.027344
0 0.841544 0.719238 0.018382 0.036133
0 0.730147 0.948730 0.023529 0.038086
0 0.642279 0.691895 0.027206 0.059570
0 0.040074 0.047852 0.030147 0.050781
0 0.308824 0.337402 0.029412 0.036133
0 0.707353 0.363770 0.020588 0.041992
0 0.063603 0.747070 0.022794 0.044922
0 0.632353 0.299316 0.016176 0.045898
0 0.844485 0.571777 0.018382 0.036133
0 0.916176 0.958984 0.026471 0.027344
0 0.169853 0.019531 0.016176 0.039062
0 0.795956 0.960938 0.021324 0.027344
0 0.788235 0.874023 0.026471 0.039062
0 0.839706 0.243652 0.030882 0.028320
0 0.449632 0.028320 0.025735 0.039062
0 0.952206 0.196777 0.020588 0.047852
0 0.563603 0.601562 0.041912 0.052734
0 0.515074 0.056152 0.027206 0.024414
0 0.965809 0.143066 0.025735 0.038086
0 0.341176 0.007812 0.027941 0.015625
0 0.124632 0.670898 0.028676 0.060547
0 0.019485 0.553223 0.033088 0.032227
0 0.856250 0.533691 0.027206 0.045898
0 0.403309 0.400391 0.040441 0.035156
0 0.299632 0.740234 0.034559 0.027344
0 0.026838 0.503906 0.022794 0.039062
0 0.914706 0.023438 0.044118 0.039062
0 0.658456 0.120605 0.031618 0.043945
0 0.038603 0.128906 0.025735 0.042969
0 0.224265 0.367188 0.042647 0.033203
0 0.430882 0.448730 0.027941 0.045898
0 0.125735 0.297363 0.027941 0.045898
0 0.565809 0.733398 0.025735 0.029297
