0 0.461022 0.309927 0.030868 0.047588
0 0.704557 0.269160 0.047639 0.016505
0 0.740437 0.402832 0.022051 0.041992
0 0.830018 0.225518 0.035037 0.025254
0 0.927462 0.584301 0.029488 0.025089
0 0.891592 0.848950 0.028772 0.039697
0 0.457761 0.859766 0.018463 0.059375
0 0.155956 0.821958 0.032500 0.050166
0 0.192750 0.714839 0.029618 0.029287
0 0.062386 0.580483 0.020360 0.051592
0 0.290871 0.542205 0.036154 0.045348
0 0.302346 0.067041 0.042926 0.038379
0 0.564283 0.067339 0.025625 0.042881
0 0.109393 0.462827 0.032022 0.068232
0 0.476156 0.582999 0.023881 0.058427
