0 0.679412 0.064941 0.052941 0.081055
0 0.897794 0.747070 0.045588 0.042969
0 0.845588 0.738770 0.023529 0.065430
0 0.944485 0.401855 0.043382 0.083008
0 0.951103 0.816895 0.056618 0.043945
0 0.708824 0.082520 0.035294 0.098633
0 0.785294 0.104980 0.044118 0.034180
0 0.475735 0.215820 0.039706 0.070312
0 0.553676 0.721191 0.070588 0.051758
0 0.380882 0.552734 0.050000 0.041016
0 0.158824 0.416016 0.035294 0.099609
0 0.491176 0.096191 0.022059 0.065430
0 0.680515 0.965820 0.050735 0.056641
0 0.608824 0.960938 0.041176 0.068359
0 0.053676 0.072266 0.039706 0.089844
0 0.516912 0.935059 0.066176 0.125977
