0 0.048177 0.628241 0.044271 0.049074
0 0.568750 0.488889 0.041667 0.100000
0 0.619010 0.295370 0.033854 0.038889
0 0.795833 0.774537 0.027083 0.050926
0 0.947135 0.262037 0.049479 0.042593
0 0.017708 0.968056 0.036458 0.056481
0 0.502604 0.843056 0.040625 0.045370
0 0.869531 0.917593 0.055729 0.061111
0 0.905729 0.591204 0.053125 0.041667
0 0.419531 0.149537 0.034896 0.060185
0 0.835156 0.041204 0.049479 0.034259
0 0.313281 0.855093 0.060937 0.054630
0 0.413281 0.343056 0.048438 0.071296
