0 0.014583 0.431481 0.029167 0.044444
0 0.015625 0.492593 0.028125 0.074074
0 0.771875 0.232407 0.022917 0.059259
0 0.372656 0.072222 0.029687 0.033333
0 0.665885 0.118519 0.044271 0.040741
0 0.479427 0.533333 0.021354 0.059259
0 0.958854 0.524537 0.028125 0.045370
0 0.472656 0.868981 0.035937 0.052778
0 0.392188 0.906481 0.028125 0.072222
0 0.342448 0.174537 0.034896 0.054630
0 0.913802 0.170370 0.026562 0.072222
0 0.430729 0.526852 0.036458 0.061111
0 0.925781 0.703704 0.028646 0.081481
0 0.132552 0.489352 0.053646 0.028704
