0 0.037132 0.502441 0.024265 0.045898
0 0.421324 0.301270 0.045588 0.051758
0 0.070221 0.984863 0.022794 0.026367
0 0.786765 0.874023 0.027941 0.039062
0 0.645588 0.104980 0.041176 0.053711
0 0.188235 0.437988 0.033824 0.020508
0 0.788603 0.943848 0.021324 0.041992
0 0.550368 0.566895 0.043382 0.055664
0 0.140074 0.670898 0.037500 0.031250
0 0.136397 0.630859 0.024265 0.050781
0 0.010662 0.549316 0.022794 0.036133
0 0.040809 0.096191 0.018382 0.034180
0 0.063971 0.443848 0.027941 0.043945
0 0.646691 0.662109 0.025735 0.068359
0 0.459559 0.090820 0.035294 0.031250
0 0.039338 0.030273 0.030147 0.054688
0 0.571324 0.821777 0.032353 0.030273
0 0.170956 0.019531 0.015441 0.039062
0 0.729044 0.919434 0.025735 0.034180
0 0.959926 0.157227 0.022794 0.042969
0 0.300735 0.735352 0.035294 0.037109
0 0.431250 0.422852 0.019853 0.046875
0 0.216176 0.346191 0.029412 0.051758
0 0.411765 0.365234 0.041176 0.052734
0 0.131250 0.245605 0.022794 0.071289
0 0.852941 0.506348 0.027941 0.034180
