0 0.262026 0.408542 0.031344 0.043009
0 0.253044 0.077657 0.041505 0.042352
0 0.604430 0.019907 0.018234 0.039815
0 0.636987 0.038338 0.010432 0.039639
0 0.219846 0.377287 0.019901 0.058278
0 0.436302 0.337000 0.035104 0.079556
0 0.664174 0.381227 0.035641 0.071713
0 0.726406 0.956120 0.040313 0.047426
0 0.427057 0.747542 0.024948 0.091380
0 0.152018 0.628755 0.037370 0.088991
0 0.290184 0.802671 0.026202 0.025712
0 0.146635 0.117521 0.026442 0.065527
0 0.479167 0.044872 0.050481 0.059829
0 0.679087 0.054843 0.033654 0.045584
0 0.705529 0.158832 0.022436 0.051282
0 0.854968 0.069088 0.020032 0.056980
0 0.905849 0.142450 0.017628 0.081197
0 0.858173 0.830484 0.020032 0.066952
0 0.735176 0.722934 0.030449 0.068376
0 0.710337 0.761396 0.020833 0.071225
0 0.843349 0.613248 0.036859 0.034188
0 0.644635 0.969266 0.032043 0.059615
0 0.480369 0.849003 0.016026 0.044160
0 0.445913 0.888177 0.041667 0.054131
0 0.214343 0.810541 0.030449 0.032764
0 0.163061 0.339744 0.041667 0.034188
0 0.146635 0.409544 0.040865 0.022792
0 0.016827 0.269231 0.028045 0.032764
0 0.041667 0.232194 0.034455 0.061254
0 0.023037 0.077991 0.046074 0.049145
0 0.530849 0.105413 0.019231 0.029915
0 0.553686 0.802707 0.012019 0.065527
0 0.475962 0.483618 0.016827 0.048433
0 0.392228 0.300570 0.016026 0.052707
0 0.256010 0.367521 0.024038 0.075499
0 0.470353 0.262108 0.029647 0.075499
0 0.750801 0.950142 0.032853 0.038462
