0 0.505477 0.115176 0.033870 0.108130
0 0.531891 0.085329 0.046073 0.107694
0 0.581638 0.144347 0.032026 0.066472
0 0.660792 0.307829 0.034083 0.106398
0 0.481753 0.508356 0.029130 0.127824
0 0.154102 0.315231 0.041536 0.063796
0 0.637637 0.487135 0.053319 0.089655
0 0.907104 0.498384 0.047542 0.037509
0 0.802695 0.656306 0.031432 0.066315
0 0.920646 0.640792 0.022542 0.057509
0 0.918932 0.689301 0.043073 0.039713
0 0.689859 0.667662 0.024510 0.113102
0 0.852164 0.803338 0.078286 0.040009
0 0.886276 0.724713 0.026719 0.084611
0 0.258771 0.078130 0.052958 0.109963
0 0.393846 0.150111 0.052276 0.033556
0 0.367281 0.263370 0.032479 0.108222
0 0.519909 0.377755 0.038776 0.088843
0 0.566536 0.374745 0.033073 0.095787
0 0.084555 0.491676 0.027443 0.074093
0 0.138870 0.643806 0.029823 0.069093
0 0.213086 0.690583 0.090755 0.097833
0 0.347430 0.727620 0.025068 0.042278
0 0.394297 0.661634 0.045885 0.073269
0 0.775140 0.271154 0.045072 0.120085
0 0.824385 0.328671 0.028979 0.120306
0 0.625380 0.586847 0.036177 0.094065
0 0.562367 0.516213 0.045568 0.039833
0 0.183003 0.426375 0.031630 0.047194
0 0.203573 0.213120 0.015479 0.096611
0 0.252003 0.218912 0.029005 0.111898
0 0.226112 0.367792 0.033474 0.054102
0 0.270032 0.523077 0.050481 0.072080
0 0.297740 0.650060 0.020479 0.096417
0 0.388831 0.528259 0.029745 0.082444
0 0.331677 0.933014 0.021687 0.095657
0 0.418070 0.738505 0.040307 0.041824
0 0.608716 0.829981 0.023682 0.126630
0 0.706919 0.785051 0.039880 0.083065
0 0.789935 0.770926 0.052786 0.067778
0 0.030378 0.174181 0.031589 0.059472
0 0.022956 0.248236 0.022995 0.077954
0 0.126372 0.048843 0.036078 0.097685
0 0.184435 0.287449 0.032411 0.084157
0 0.180789 0.487282 0.045953 0.067157
0 0.381086 0.399981 0.030922 0.075889
0 0.461865 0.407625 0.042479 0.078213
0 0.262057 0.781870 0.024115 0.076704
0 0.049571 0.033832 0.055505 0.067664
0 0.075321 0.074786 0.045673 0.054131
0 0.121795 0.239316 0.053686 0.052707
0 0.153846 0.240741 0.034455 0.101140
0 0.107372 0.334046 0.034455 0.031339
0 0.088942 0.378205 0.044071 0.076923
0 0.070513 0.405983 0.036058 0.061254
0 0.018029 0.342593 0.032051 0.088319
0 0.030849 0.456553 0.038462 0.079772
0 0.021635 0.498575 0.040865 0.061254
0 0.066907 0.649573 0.020833 0.089744
0 0.119792 0.668803 0.030449 0.054131
0 0.103766 0.743590 0.064103 0.029915
0 0.111378 0.766382 0.056891 0.038462
0 0.025841 0.865435 0.051683 0.065629
0 0.031651 0.920940 0.054487 0.056980
0 0.079728 0.886752 0.044872 0.054131
0 0.058494 0.945869 0.036058 0.064103
0 0.156651 0.967949 0.062500 0.051282
0 0.359375 0.931624 0.048077 0.029915
0 0.362580 0.965100 0.059295 0.028490
0 0.201522 0.796296 0.041667 0.058405
0 0.173878 0.782764 0.039263 0.076923
0 0.226763 0.565527 0.031250 0.055556
0 0.238381 0.531339 0.028846 0.089744
0 0.191506 0.383191 0.028045 0.081197
0 0.227564 0.420228 0.036058 0.066952
0 0.270833 0.391026 0.042468 0.079772
0 0.272436 0.347578 0.029647 0.078348
0 0.246394 0.311966 0.033654 0.052707
0 0.216346 0.294872 0.024840 0.049858
0 0.198317 0.218661 0.078526 0.125356
0 0.278846 0.185897 0.084135 0.062678
0 0.340545 0.195157 0.058494 0.126781
0 0.376603 0.193732 0.028045 0.052707
0 0.399038 0.130342 0.047276 0.031339
0 0.342548 0.253561 0.043269 0.055556
0 0.297276 0.454416 0.029647 0.061254
0 0.325721 0.547721 0.056090 0.065527
0 0.336939 0.655271 0.065705 0.078348
0 0.339343 0.801994 0.081731 0.115385
0 0.389824 0.749288 0.043269 0.055556
0 0.408654 0.816952 0.029647 0.096866
0 0.421074 0.811254 0.024038 0.094017
0 0.445112 0.754986 0.035256 0.072650
0 0.464343 0.678063 0.024038 0.084046
0 0.473958 0.599715 0.028846 0.101140
0 0.405449 0.442308 0.031250 0.091168
0 0.419471 0.356125 0.049679 0.027066
0 0.449920 0.175926 0.049679 0.048433
0 0.438301 0.093305 0.039263 0.048433
0 0.453926 0.062678 0.022436 0.069801
0 0.426282 0.032764 0.012019 0.064103
0 0.377404 0.031339 0.048878 0.055556
0 0.339744 0.030627 0.016827 0.051282
0 0.269631 0.028490 0.038462 0.052707
0 0.217548 0.051994 0.027244 0.099715
0 0.165865 0.027066 0.045673 0.047009
0 0.167468 0.064103 0.047276 0.035613
0 0.112179 0.153846 0.015224 0.089744
0 0.118590 0.460114 0.052083 0.069801
0 0.501202 0.207265 0.033654 0.045584
0 0.515224 0.188746 0.021635 0.065527
0 0.561298 0.201567 0.032051 0.068376
0 0.612981 0.050570 0.034455 0.094017
0 0.655449 0.086895 0.039263 0.027066
0 0.645833 0.134615 0.021635 0.065527
0 0.645433 0.189459 0.065705 0.047009
0 0.584135 0.261396 0.040865 0.045584
0 0.573317 0.370370 0.022436 0.061254
0 0.509215 0.550570 0.025641 0.039886
0 0.532452 0.632479 0.036859 0.118234
0 0.544872 0.665954 0.026442 0.082621
0 0.563702 0.715812 0.044872 0.034188
0 0.554487 0.596154 0.031250 0.059829
0 0.620994 0.693020 0.064904 0.039886
0 0.630609 0.653846 0.020032 0.029915
0 0.644231 0.759259 0.012019 0.115385
0 0.669872 0.752849 0.037660 0.105413
0 0.732372 0.810541 0.016827 0.098291
0 0.588141 0.854701 0.052083 0.069801
0 0.530048 0.883903 0.043269 0.045584
0 0.483974 0.868946 0.036058 0.058405
0 0.447917 0.956553 0.024840 0.071225
0 0.482848 0.972115 0.038310 0.053917
0 0.505052 0.978526 0.032364 0.041097
0 0.606571 0.925214 0.056891 0.085470
0 0.590545 0.962251 0.045673 0.071225
0 0.643029 0.950855 0.057692 0.037037
0 0.645833 0.888177 0.032853 0.096866
0 0.702343 0.950748 0.024077 0.096652
0 0.718349 0.918803 0.041667 0.109687
0 0.792103 0.956446 0.028774 0.085256
0 0.818316 0.975677 0.080515 0.046795
0 0.875000 0.898148 0.047276 0.085470
0 0.912260 0.915954 0.032051 0.103989
0 0.983514 0.924689 0.031931 0.067328
0 0.928285 0.766382 0.027244 0.081197
0 0.956731 0.731481 0.039263 0.071225
0 0.951923 0.673077 0.034455 0.076923
0 0.714343 0.639601 0.033654 0.086895
0 0.755208 0.673789 0.036859 0.086895
0 0.774439 0.602564 0.033654 0.058405
0 0.779247 0.521368 0.046474 0.029915
0 0.817308 0.542735 0.026442 0.089744
0 0.825321 0.591880 0.056891 0.039886
0 0.856170 0.564103 0.030449 0.084046
0 0.884615 0.597578 0.029647 0.045584
0 0.890224 0.543447 0.056891 0.071225
0 0.947516 0.503561 0.054487 0.037037
0 0.969952 0.447293 0.056090 0.066952
0 0.754006 0.400285 0.037660 0.029915
0 0.697516 0.424501 0.054487 0.041311
0 0.673077 0.417379 0.039263 0.064103
0 0.679087 0.492877 0.030449 0.075499
0 0.735577 0.483618 0.029647 0.059829
0 0.775641 0.453704 0.045673 0.074074
0 0.807292 0.401709 0.027244 0.047009
0 0.707933 0.240741 0.017628 0.069801
0 0.759215 0.210114 0.040064 0.054131
0 0.718349 0.057692 0.041667 0.113960
0 0.735176 0.037037 0.032051 0.052707
0 0.761619 0.112536 0.019231 0.058405
0 0.823317 0.160969 0.041667 0.061254
0 0.851763 0.225071 0.034455 0.047009
0 0.875801 0.186610 0.045673 0.029915
0 0.846554 0.023504 0.022436 0.045584
0 0.903045 0.039174 0.087340 0.074074
0 0.915465 0.086182 0.028846 0.062678
0 0.909054 0.130342 0.035256 0.034188
0 0.936699 0.160969 0.084135 0.044160
0 0.980709 0.136752 0.037540 0.126781
0 0.974299 0.032658 0.050361 0.061043
0 0.272436 0.893162 0.034455 0.121083
0 0.805689 0.699430 0.041667 0.064103
0 0.828526 0.701567 0.026442 0.085470
0 0.852564 0.756410 0.055288 0.047009
0 0.892628 0.436610 0.037660 0.034188
0 0.964343 0.386752 0.040064 0.059829
0 0.892228 0.388889 0.035256 0.061254
0 0.930288 0.341168 0.039263 0.065527
0 0.965946 0.323362 0.038462 0.069801
0 0.936699 0.220085 0.031250 0.054131
0 0.737179 0.309117 0.021635 0.075499
0 0.139022 0.561966 0.064103 0.042735
0 0.139423 0.565527 0.037660 0.098291
0 0.487179 0.690883 0.012019 0.061254
0 0.301282 0.099003 0.040865 0.034188
0 0.346154 0.108262 0.024840 0.038462
0 0.354968 0.057692 0.042468 0.105413
0 0.244792 0.646011 0.102564 0.051282
0 0.261218 0.612536 0.032853 0.044160
0 0.058093 0.862536 0.052885 0.051282
0 0.762821 0.826211 0.029647 0.049858
0 0.838542 0.839031 0.035256 0.072650
0 0.851362 0.122507 0.035256 0.029915
