0 0.883854 0.058333 0.031250 0.027778
0 0.146875 0.876389 0.037500 0.060185
0 0.540625 0.633796 0.029167 0.039815
0 0.793229 0.418056 0.039583 0.036111
0 0.383854 0.605556 0.036458 0.051852
0 0.521354 0.935185 0.027083 0.055556
0 0.561979 0.381944 0.011458 0.045370
0 0.768490 0.393519 0.028646 0.029630
0 0.158854 0.923611 0.034375 0.078704
0 0.636979 0.198148 0.017708 0.053704
0 0.561458 0.630556 0.019792 0.051852
0 0.572656 0.850463 0.021354 0.058333
0 0.932031 0.350926 0.024479 0.044444
0 0.494531 0.160185 0.031771 0.037037
0 0.402604 0.935185 0.017708 0.079630
0 0.090885 0.755093 0.041146 0.034259
0 0.263281 0.703704 0.032813 0.042593
0 0.327865 0.504167 0.019271 0.084259
0 0.774479 0.775926 0.017708 0.057407
0 0.364323 0.828241 0.031771 0.023148
0 0.289062 0.493056 0.018750 0.052778
0 0.503906 0.352778 0.016146 0.044444
0 0.594010 0.718056 0.023438 0.032407
0 0.200781 0.300000 0.039062 0.081481
0 0.689063 0.080556 0.046875 0.035185
0 0.480729 0.575463 0.027083 0.026852
0 0.940104 0.475000 0.018750 0.057407
0 0.688802 0.179630 0.022396 0.074074
0 0.573958 0.154167 0.028125 0.052778
0 0.720313 0.825000 0.034375 0.044444
0 0.425781 0.616667 0.024479 0.037037
0 0.208854 0.104630 0.030208 0.035185
0 0.946875 0.588426 0.032292 0.043519
0 0.568750 0.806481 0.020833 0.033333
