0 0.231250 0.676980 0.026389 0.032178
0 0.256250 0.634901 0.031944 0.032178
0 0.870833 0.975248 0.027778 0.039604
0 0.572222 0.352723 0.033333 0.051980
0 0.077083 0.023515 0.023611 0.051980
0 0.200000 0.147277 0.038889 0.061881
0 0.547222 0.306931 0.047222 0.094059
0 0.198611 0.623762 0.033333 0.034653
0 0.858333 0.814356 0.025000 0.054455
0 0.782639 0.965347 0.026389 0.049505
0 0.481944 0.340347 0.025000 0.096535
0 0.077083 0.152228 0.051389 0.051980
0 0.670833 0.623762 0.033333 0.034653
0 0.034722 0.547030 0.036111 0.064356
0 0.212500 0.405941 0.038889 0.049505
0 0.836111 0.059406 0.033333 0.064356
0 0.123611 0.926980 0.030556 0.061881
