0 0.180487 0.550028 0.039099 0.027833
0 0.187013 0.342083 0.033401 0.011944
0 0.462961 0.607692 0.033213 0.033903
0 0.433173 0.712999 0.035096 0.042664
0 0.762924 0.664514 0.040432 0.077176
0 0.745779 0.700667 0.034266 0.080963
0 0.798234 0.625625 0.031885 0.077176
0 0.831276 0.582662 0.054219 0.046806
0 0.571164 0.459449 0.016286 0.067046
0 0.560557 0.482259 0.014865 0.064519
0 0.083018 0.910653 0.048328 0.089824
0 0.231971 0.163818 0.041667 0.075499
0 0.129407 0.193020 0.041667 0.042735
0 0.182771 0.381106 0.029083 0.045546
0 0.769651 0.043296 0.051802 0.032889
0 0.974526 0.851282 0.012594 0.106269
0 0.071935 0.558560 0.019911 0.018972
0 0.326522 0.134615 0.016026 0.054131
0 0.317708 0.223647 0.033654 0.035613
0 0.276042 0.258547 0.036859 0.037037
0 0.319712 0.779202 0.020032 0.069801
0 0.688702 0.894587 0.027244 0.061254
0 0.624599 0.932336 0.025641 0.054131
0 0.754407 0.330484 0.016026 0.066952
0 0.413462 0.066239 0.026442 0.042735
0 0.532853 0.782764 0.039263 0.059829
0 0.490785 0.448006 0.024038 0.039886
0 0.354567 0.717236 0.020833 0.062678
0 0.414663 0.481481 0.030449 0.041311
