0 0.959028 0.819307 0.026389 0.069307
0 0.402083 0.559406 0.026389 0.044554
0 0.187500 0.923267 0.038889 0.069307
0 0.452778 0.327970 0.025000 0.051980
0 0.122222 0.368812 0.025000 0.064356
0 0.945139 0.745050 0.029167 0.059406
0 0.273611 0.908416 0.033333 0.054455
0 0.717361 0.626238 0.045833 0.044554
0 0.300694 0.612624 0.065278 0.051980
0 0.533333 0.146040 0.036111 0.049505
0 0.017361 0.746287 0.034722 0.066832
0 0.623611 0.790842 0.025000 0.071782
0 0.227083 0.136139 0.029167 0.064356
0 0.811111 0.732673 0.050000 0.074257
0 0.123611 0.842822 0.036111 0.071782
0 0.907639 0.847772 0.031944 0.042079
