0 0.404839 0.256213 0.025302 0.060574
0 0.383599 0.700083 0.054698 0.064981
0 0.464984 0.876620 0.046635 0.099537
0 0.361529 0.818454 0.018891 0.116537
0 0.282724 0.961806 0.051906 0.053241
0 0.041188 0.888491 0.050083 0.045500
0 0.021654 0.617889 0.043307 0.070963
0 0.922474 0.727083 0.045990 0.080093
0 0.921190 0.485218 0.039255 0.116731
0 0.960799 0.510782 0.042432 0.108602
0 0.615372 0.225000 0.043245 0.037037
0 0.725682 0.422917 0.015948 0.043981
0 0.547276 0.744213 0.019552 0.101389
0 0.532026 0.926389 0.032802 0.060185
0 0.462443 0.662565 0.022802 0.026981
0 0.148432 0.345935 0.020823 0.077056
0 0.259057 0.252315 0.063948 0.069444
0 0.320659 0.148148 0.034026 0.101852
0 0.726812 0.917361 0.057792 0.047685
0 0.046590 0.182268 0.034960 0.038052
