0 0.902206 0.870605 0.035294 0.040039
0 0.033824 0.408691 0.039706 0.088867
0 0.938603 0.360352 0.066912 0.054688
0 0.768015 0.877441 0.022794 0.053711
0 0.395956 0.259766 0.112500 0.070312
0 0.038603 0.356934 0.058088 0.045898
0 0.305147 0.896484 0.051471 0.050781
0 0.306618 0.756348 0.063235 0.129883
0 0.779779 0.693359 0.050735 0.060547
0 0.548162 0.781738 0.058088 0.043945
0 0.611765 0.452148 0.060294 0.058594
0 0.501103 0.438477 0.031618 0.039062
0 0.961765 0.025391 0.038235 0.042969
0 0.166912 0.969727 0.045588 0.037109
0 0.380147 0.948730 0.038235 0.086914
0 0.792647 0.337402 0.050000 0.053711
0 0.671691 0.450195 0.061029 0.042969
0 0.841176 0.349609 0.076471 0.056641
0 0.489706 0.846191 0.076471 0.036133
0 0.309926 0.089355 0.022794 0.067383
0 0.445956 0.179688 0.053676 0.082031
0 0.061029 0.886230 0.044118 0.131836
0 0.402574 0.729980 0.069853 0.108398
0 0.631985 0.539062 0.031618 0.070312
0 0.157353 0.898438 0.044118 0.062500
0 0.164706 0.348145 0.039706 0.026367
0 0.172794 0.033691 0.047059 0.069336
0 0.893015 0.514648 0.040441 0.070312
0 0.375000 0.647949 0.045588 0.084961
0 0.962868 0.465820 0.068382 0.083984
0 0.479044 0.778809 0.083088 0.053711
0 0.899632 0.412109 0.041912 0.076172
0 0.966176 0.308105 0.027941 0.045898
0 0.898897 0.363770 0.030147 0.069336
0 0.366912 0.820312 0.063235 0.044922
0 0.292647 0.856445 0.095588 0.072266
0 0.253676 0.912109 0.057353 0.066406
