0 0.730779 0.403477 0.050099 0.066213
0 0.972880 0.372542 0.054094 0.085824
0 0.437878 0.619528 0.048672 0.081648
0 0.529620 0.607898 0.055073 0.036167
0 0.572063 0.976718 0.019125 0.046028
0 0.486607 0.964551 0.032589 0.055028
0 0.296531 0.505421 0.043063 0.097880
0 0.471810 0.378042 0.036328 0.026454
0 0.422334 0.742438 0.035342 0.042989
0 0.883023 0.482297 0.053943 0.062831
0 0.492088 0.148302 0.027282 0.076058
0 0.309487 0.637169 0.026662 0.097002
0 0.146726 0.860384 0.027282 0.073854
0 0.097433 0.253571 0.021701 0.077160
0 0.045040 0.423876 0.049603 0.034171
0 0.898524 0.652050 0.030382 0.056217
0 0.281895 0.223810 0.064484 0.050705
0 0.208420 0.172553 0.042783 0.031966
0 0.899454 0.114683 0.012401 0.070547
0 0.955908 0.763191 0.037100 0.048199
0 0.572417 0.661086 0.033533 0.029173
0 0.086175 0.956602 0.054199 0.084944
