0 0.863802 0.167593 0.032813 0.038889
0 0.796875 0.689815 0.015625 0.053704
0 0.760677 0.671296 0.024479 0.051852
0 0.164583 0.857870 0.058333 0.049074
0 0.365104 0.536111 0.023958 0.044444
0 0.424479 0.756944 0.032292 0.034259
0 0.898177 0.156944 0.036979 0.030556
0 0.887240 0.737500 0.034896 0.034259
0 0.269531 0.894444 0.039062 0.035185
0 0.746354 0.388426 0.029167 0.045370
0 0.642708 0.666204 0.017708 0.060185
0 0.515104 0.945370 0.034375 0.035185
0 0.275260 0.526852 0.024479 0.053704
0 0.658073 0.580093 0.016146 0.065741
0 0.652083 0.406944 0.017708 0.080556
0 0.633854 0.878704 0.025000 0.088889
0 0.663802 0.146759 0.026562 0.045370
0 0.413281 0.074074 0.022396 0.057407
0 0.413281 0.548148 0.021354 0.079630
0 0.382812 0.434722 0.022917 0.071296
0 0.679688 0.018519 0.021875 0.038889
0 0.433073 0.546759 0.018229 0.069444
0 0.881250 0.530556 0.045833 0.059259
0 0.582031 0.204167 0.020313 0.058333
0 0.745052 0.531944 0.045312 0.041667
0 0.936979 0.051389 0.023958 0.095370
