0 0.220237 0.167731 0.038391 0.042870
0 0.817872 0.594250 0.047203 0.053315
0 0.776917 0.633069 0.058000 0.045769
0 0.757260 0.676574 0.032229 0.051296
0 0.445982 0.725546 0.026339 0.088130
0 0.186388 0.549556 0.033193 0.032444
0 0.487875 0.435403 0.024708 0.041176
0 0.425885 0.468745 0.035104 0.033787
0 0.466258 0.537282 0.000224 0.004194
0 0.094952 0.579772 0.027244 0.052707
0 0.568910 0.485755 0.036058 0.081197
0 0.749199 0.346866 0.024840 0.059829
0 0.307692 0.228632 0.055288 0.056980
0 0.125801 0.202279 0.032853 0.021368
0 0.320112 0.777778 0.017628 0.064103
0 0.528446 0.915954 0.032051 0.035613
0 0.688702 0.896011 0.022436 0.064103
0 0.471154 0.893875 0.039263 0.025641
0 0.622196 0.928063 0.019231 0.056980
0 0.975962 0.173077 0.016827 0.068376
0 0.161458 0.446581 0.025641 0.048433
0 0.972756 0.872507 0.020032 0.062678
