0 0.594398 0.154481 0.058589 0.040444
0 0.560888 0.243130 0.034276 0.028852
0 0.613266 0.353181 0.028615 0.074880
0 0.566245 0.341769 0.033531 0.055759
0 0.499820 0.414333 0.021516 0.071259
0 0.369992 0.122130 0.049359 0.051667
0 0.312539 0.044806 0.018828 0.078500
0 0.267898 0.268588 0.025380 0.050139
0 0.054201 0.597366 0.047984 0.037324
0 0.034581 0.678819 0.042078 0.109491
0 0.517284 0.960421 0.019984 0.078250
0 0.513250 0.854856 0.056708 0.096750
0 0.820276 0.821185 0.033260 0.029407
0 0.812245 0.857269 0.032823 0.057130
0 0.895492 0.773519 0.026401 0.082222
0 0.666492 0.662773 0.014234 0.095917
0 0.682906 0.811343 0.024146 0.093056
0 0.397104 0.471630 0.028583 0.032148
0 0.389211 0.397310 0.012797 0.057583
0 0.542141 0.562236 0.020740 0.061509
0 0.435289 0.824481 0.037245 0.039704
0 0.150380 0.935148 0.026802 0.075852
0 0.232852 0.215606 0.022995 0.079361
0 0.284331 0.210583 0.036370 0.058204
0 0.154958 0.420505 0.019292 0.068787
0 0.527534 0.459657 0.025901 0.030426
0 0.972570 0.233069 0.029516 0.056880
0 0.128026 0.717194 0.039385 0.062167
0 0.893484 0.417065 0.052594 0.039685
0 0.409615 0.130028 0.014021 0.048944
0 0.261271 0.036639 0.026708 0.043648
0 0.277244 0.648860 0.021635 0.022792
