0 0.182639 0.662129 0.034722 0.032178
0 0.464583 0.513614 0.023611 0.061881
0 0.867361 0.454208 0.026389 0.047030
0 0.227083 0.934406 0.037500 0.032178
0 0.183333 0.381188 0.027778 0.049505
0 0.887500 0.900990 0.033333 0.034653
0 0.392361 0.250000 0.031944 0.059406
0 0.117361 0.423267 0.034722 0.049505
0 0.133333 0.232673 0.044444 0.034653
0 0.728472 0.512376 0.023611 0.054455
0 0.122222 0.569307 0.027778 0.034653
0 0.795833 0.646040 0.030556 0.074257
0 0.358333 0.280941 0.036111 0.051980
0 0.423611 0.481436 0.041667 0.042079
0 0.773611 0.478960 0.025000 0.047030
0 0.661111 0.512376 0.036111 0.064356
0 0.529861 0.756188 0.023611 0.051980
0 0.734722 0.638614 0.019444 0.089109
0 0.912500 0.173267 0.041667 0.069307
0 0.442361 0.236386 0.018056 0.061881
0 0.054861 0.777228 0.031944 0.074257
0 0.646528 0.819307 0.040278 0.069307
0 0.820139 0.758663 0.023611 0.091584
