0 0.711594 0.360310 0.055479 0.070620
0 0.564656 0.957472 0.032437 0.085315
0 0.481398 0.951190 0.044047 0.096824
0 0.437099 0.623495 0.041906 0.091435
0 0.417885 0.736588 0.039938 0.108361
0 0.531352 0.612676 0.031453 0.064241
0 0.215068 0.222222 0.052010 0.092593
0 0.543552 0.213338 0.031002 0.069444
0 0.084412 0.209480 0.015501 0.081570
0 0.331188 0.690631 0.048983 0.042989
0 0.990910 0.359392 0.015501 0.061728
0 0.453026 0.377579 0.024802 0.076058
0 0.133395 0.870304 0.027902 0.091490
0 0.912743 0.062405 0.026398 0.072298
