0 0.889583 0.827970 0.015278 0.061881
0 0.217361 0.819307 0.029167 0.054455
0 0.020833 0.443069 0.041667 0.039604
0 0.245833 0.679455 0.044444 0.032178
0 0.172222 0.566832 0.038889 0.034653
0 0.076389 0.034653 0.052778 0.059406
0 0.488889 0.325495 0.061111 0.071782
0 0.783333 0.970297 0.030556 0.044554
0 0.550000 0.423267 0.027778 0.064356
0 0.670833 0.627475 0.033333 0.032178
0 0.398611 0.279703 0.041667 0.084158
0 0.822222 0.868812 0.033333 0.054455
0 0.137500 0.944307 0.038889 0.056931
0 0.834028 0.056931 0.037500 0.054455
0 0.488194 0.407178 0.048611 0.061881
0 0.061111 0.075495 0.025000 0.051980
