0 0.714583 0.505093 0.017708 0.047222
0 0.428385 0.464815 0.019271 0.059259
0 0.134635 0.170370 0.022396 0.055556
0 0.728906 0.128704 0.023438 0.035185
0 0.804948 0.594907 0.044271 0.047222
0 0.358854 0.699074 0.017708 0.072222
0 0.816406 0.835185 0.032813 0.031481
0 0.989583 0.835648 0.020833 0.047222
0 0.541927 0.518056 0.043229 0.049074
0 0.277604 0.199074 0.038542 0.048148
0 0.219531 0.505556 0.030729 0.051852
0 0.444531 0.756019 0.019271 0.073148
0 0.761979 0.605093 0.045833 0.052778
0 0.602604 0.884259 0.033333 0.062963
0 0.703125 0.856481 0.025000 0.075926
0 0.340885 0.079630 0.045312 0.044444
0 0.441406 0.864352 0.022396 0.026852
0 0.334635 0.185648 0.034896 0.050926
0 0.500260 0.419907 0.027604 0.030556
