0 0.643750 0.325684 0.028676 0.059570
0 0.041544 0.101562 0.018382 0.037109
0 0.054044 0.744141 0.030147 0.037109
0 0.794118 0.945312 0.030882 0.035156
0 0.024632 0.531738 0.037500 0.049805
0 0.965809 0.131348 0.033088 0.053711
0 0.730882 0.928223 0.023529 0.034180
0 0.650000 0.344238 0.032353 0.032227
0 0.189706 0.437988 0.038235 0.026367
0 0.342647 0.007324 0.030882 0.016602
0 0.953676 0.164062 0.016176 0.054688
0 0.563603 0.575195 0.028676 0.054688
0 0.922794 0.927734 0.030882 0.029297
0 0.570956 0.825195 0.037500 0.037109
0 0.299632 0.736816 0.030147 0.032227
0 0.070588 0.441895 0.033824 0.055664
0 0.035662 0.503906 0.025735 0.041016
0 0.169853 0.018066 0.014706 0.036133
0 0.551103 0.688477 0.027206 0.033203
0 0.014706 0.547852 0.029412 0.027344
0 0.636765 0.293945 0.023529 0.048828
0 0.648162 0.670898 0.025735 0.064453
0 0.414338 0.379395 0.043382 0.030273
0 0.135662 0.638184 0.025735 0.059570
0 0.431250 0.310059 0.038971 0.057617
0 0.219118 0.351562 0.023529 0.041016
0 0.850000 0.519531 0.025000 0.046875
0 0.652574 0.106934 0.027206 0.049805
0 0.129412 0.259277 0.023529 0.053711
0 0.430147 0.431152 0.025000 0.038086
0 0.443750 0.007324 0.037500 0.016602
