0 0.738383 0.318704 0.047599 0.048519
0 0.608857 0.140181 0.025005 0.084065
0 0.417810 0.504639 0.025203 0.062981
0 0.499854 0.782731 0.032000 0.050648
0 0.410831 0.721931 0.034161 0.034602
0 0.882596 0.198296 0.045401 0.048444
0 0.893927 0.479644 0.051396 0.040769
0 0.753872 0.796856 0.051495 0.047417
0 0.400909 0.316801 0.039318 0.133602
0 0.406638 0.457671 0.034109 0.044972
0 0.412443 0.969310 0.020719 0.060843
0 0.199893 0.741139 0.034161 0.058204
0 0.492938 0.365477 0.024417 0.066139
0 0.796875 0.128917 0.016026 0.082621
0 0.774439 0.201567 0.019231 0.048433
0 0.096154 0.797009 0.032853 0.042735
0 0.347756 0.204416 0.026442 0.037037
0 0.533654 0.761396 0.044071 0.065527
0 0.872997 0.582621 0.020833 0.049858
0 0.961538 0.694444 0.018429 0.042735
0 0.075321 0.837607 0.036058 0.049858
0 0.141827 0.051282 0.023237 0.038462
0 0.524439 0.960114 0.033654 0.027066
