0 0.170639 0.771015 0.041278 0.042030
0 0.711215 0.326918 0.014097 0.074629
0 0.698715 0.321287 0.016875 0.043564
0 0.546340 0.331869 0.026014 0.035025
0 0.585861 0.329047 0.018944 0.039282
0 0.714861 0.393775 0.032500 0.025173
0 0.815243 0.903082 0.016597 0.028936
0 0.098056 0.792649 0.035000 0.040743
0 0.268299 0.927054 0.031042 0.052129
0 0.349062 0.891757 0.014792 0.031040
0 0.251653 0.557970 0.036639 0.041683
0 0.860229 0.827574 0.017681 0.031386
0 0.028565 0.443222 0.040808 0.033173
