0 0.379407 0.584758 0.022436 0.059829
0 0.426542 0.463782 0.029127 0.073860
0 0.777244 0.599003 0.098558 0.076923
0 0.757752 0.704558 0.026963 0.042450
0 0.558894 0.492165 0.043269 0.051282
0 0.493189 0.428063 0.033654 0.045584
0 0.163029 0.413398 0.041682 0.058278
0 0.199182 0.525245 0.045240 0.039380
0 0.442445 0.746231 0.039057 0.085056
0 0.627925 0.925499 0.035016 0.062108
0 0.468229 0.891987 0.053125 0.026567
0 0.959936 0.448006 0.044071 0.079772
0 0.972356 0.858974 0.049679 0.092593
0 0.691907 0.882479 0.022436 0.065527
0 0.768029 0.846866 0.030449 0.025641
0 0.122854 0.201509 0.041542 0.088204
0 0.323317 0.783476 0.022436 0.064103
0 0.324119 0.210826 0.019231 0.052707
0 0.288462 0.235755 0.039263 0.039886
0 0.431490 0.853276 0.014423 0.055556
0 0.790865 0.422365 0.029647 0.037037
0 0.756811 0.340456 0.024038 0.035613
0 0.330929 0.125356 0.060096 0.044160
0 0.564904 0.824786 0.021635 0.047009
