0 0.952799 0.268778 0.041016 0.041259
0 0.573367 0.476435 0.020693 0.119537
0 0.556060 0.479079 0.016286 0.085935
0 0.413982 0.354347 0.047755 0.051287
0 0.327932 0.837847 0.016281 0.107176
0 0.308203 0.849120 0.055990 0.079722
0 0.504897 0.862819 0.036779 0.052269
0 0.868135 0.926606 0.060229 0.036546
0 0.827503 0.830926 0.036255 0.071111
0 0.425466 0.138083 0.038432 0.048389
0 0.928755 0.254125 0.018969 0.026769
0 0.866706 0.974769 0.043828 0.040278
0 0.043224 0.605486 0.059365 0.025787
0 0.060435 0.626671 0.037536 0.021861
0 0.832781 0.053060 0.033271 0.032046
0 0.591295 0.230423 0.034722 0.077160
0 0.010198 0.963578 0.016401 0.070992
