0 0.120833 0.033333 0.026042 0.053704
0 0.910677 0.092130 0.021354 0.060185
0 0.427604 0.708333 0.029167 0.051852
0 0.207813 0.439815 0.028125 0.059259
0 0.961979 0.203241 0.029167 0.054630
0 0.748958 0.699537 0.033333 0.032407
0 0.748958 0.643981 0.029167 0.065741
0 0.230729 0.218056 0.029167 0.047222
0 0.139583 0.767593 0.036458 0.035185
0 0.163281 0.654630 0.035937 0.051852
0 0.752604 0.924537 0.037500 0.082407
0 0.985156 0.180093 0.028646 0.065741
0 0.137500 0.605093 0.030208 0.069444
0 0.802604 0.580556 0.027083 0.040741
0 0.142708 0.291204 0.033333 0.039815
0 0.468229 0.980556 0.017708 0.035185
0 0.033854 0.493981 0.042708 0.030556
0 0.660156 0.943519 0.016146 0.066667
0 0.090104 0.711574 0.046875 0.034259
0 0.257031 0.380093 0.039062 0.067593
0 0.041406 0.055093 0.026562 0.054630
0 0.698177 0.117130 0.021354 0.036111
0 0.872656 0.821296 0.031771 0.064815
0 0.135156 0.552778 0.028646 0.051852
0 0.419531 0.765741 0.031771 0.083333
0 0.473958 0.289815 0.037500 0.048148
0 0.682031 0.027315 0.026562 0.047222
0 0.235156 0.330093 0.050521 0.039815
0 0.432552 0.322222 0.043229 0.040741
0 0.838281 0.618519 0.025521 0.029630
0 0.496875 0.618981 0.025000 0.041667
0 0.675781 0.356944 0.045312 0.067593
0 0.264323 0.068519 0.034896 0.053704
0 0.871354 0.195833 0.023958 0.030556
0 0.224479 0.782407 0.037500 0.048148
0 0.871354 0.386574 0.027083 0.032407
0 0.065885 0.248148 0.049479 0.031481
0 0.052604 0.196296 0.025000 0.025926
0 0.157031 0.337500 0.024479 0.045370
0 0.758333 0.937963 0.020833 0.100000
0 0.675781 0.373148 0.018229 0.070370
0 0.779427 0.609259 0.021354 0.038889
