0 0.018682 0.085995 0.037365 0.077546
0 0.047961 0.103833 0.025089 0.070630
0 0.123508 0.054741 0.035557 0.094667
0 0.181964 0.039583 0.019135 0.079167
0 0.317924 0.257116 0.040016 0.082750
0 0.205654 0.457171 0.050891 0.056935
0 0.261534 0.475708 0.056401 0.044009
0 0.325167 0.400903 0.055542 0.042546
0 0.333943 0.452574 0.036635 0.090333
0 0.381667 0.389792 0.059167 0.074028
0 0.405883 0.625278 0.039891 0.050556
0 0.685951 0.507648 0.058359 0.056037
0 0.924810 0.179074 0.062120 0.032222
0 0.903461 0.495843 0.019422 0.073167
0 0.981833 0.500713 0.025125 0.106981
0 0.140810 0.343708 0.060786 0.042972
0 0.152661 0.379671 0.055323 0.037120
0 0.054508 0.298102 0.027766 0.112870
0 0.224661 0.522236 0.042031 0.061139
0 0.404193 0.893190 0.034427 0.091935
0 0.457919 0.936944 0.048130 0.053519
0 0.557156 0.746611 0.042438 0.071000
0 0.621083 0.791537 0.025500 0.096037
0 0.663135 0.866560 0.033563 0.097935
0 0.012607 0.537727 0.025214 0.032861
0 0.014560 0.449301 0.029120 0.068972
0 0.115305 0.534514 0.042068 0.091250
0 0.177364 0.758903 0.096394 0.073362
0 0.171677 0.813301 0.022521 0.093269
0 0.247055 0.669509 0.024318 0.096426
0 0.445419 0.686181 0.031464 0.092731
0 0.568878 0.620421 0.024214 0.092694
0 0.478008 0.502324 0.043516 0.049093
0 0.557161 0.126051 0.045573 0.052102
0 0.395206 0.102204 0.054995 0.063667
0 0.335766 0.738736 0.048615 0.045991
0 0.273745 0.867259 0.018323 0.112296
0 0.356021 0.928148 0.047458 0.063704
0 0.723977 0.695204 0.065661 0.033000
0 0.687346 0.736417 0.055943 0.032093
0 0.727234 0.778565 0.040927 0.051574
0 0.064103 0.177350 0.053686 0.037037
0 0.129808 0.452279 0.037660 0.045584
0 0.049679 0.693732 0.052083 0.049858
0 0.024239 0.720979 0.048478 0.043798
0 0.081731 0.744302 0.048878 0.051282
0 0.121795 0.663818 0.028045 0.035613
0 0.202324 0.715812 0.025641 0.085470
0 0.210950 0.974252 0.030073 0.049644
0 0.311699 0.901709 0.028045 0.092593
0 0.346955 0.850427 0.042468 0.041311
0 0.363782 0.805556 0.044071 0.079772
0 0.307692 0.773504 0.020032 0.081197
0 0.383413 0.740741 0.043269 0.052707
0 0.421875 0.682336 0.024038 0.075499
0 0.464744 0.545584 0.032853 0.075499
0 0.269631 0.196581 0.036859 0.084046
0 0.186699 0.183761 0.053686 0.032764
0 0.211138 0.106838 0.046474 0.044160
0 0.401843 0.037749 0.041667 0.054131
0 0.457131 0.034900 0.033654 0.062678
0 0.485577 0.115385 0.032853 0.089744
0 0.392628 0.136752 0.044071 0.047009
0 0.377003 0.210826 0.051282 0.061254
0 0.499199 0.370370 0.056891 0.041311
0 0.520433 0.397436 0.036859 0.064103
0 0.558894 0.432336 0.049679 0.068376
0 0.520433 0.485755 0.046474 0.049858
0 0.587740 0.477920 0.041667 0.039886
0 0.618990 0.449430 0.024038 0.056980
0 0.620192 0.391026 0.050481 0.034188
0 0.605769 0.357550 0.053686 0.058405
0 0.547676 0.252849 0.052885 0.045584
0 0.530449 0.191595 0.050481 0.056980
0 0.389824 0.480769 0.046474 0.074074
0 0.583333 0.245014 0.032853 0.078348
0 0.660256 0.235043 0.060096 0.038462
0 0.697115 0.169516 0.044071 0.106838
0 0.659856 0.030627 0.020833 0.056980
0 0.710737 0.101140 0.087340 0.049858
0 0.736378 0.076211 0.047276 0.039886
0 0.754006 0.086895 0.036058 0.081197
0 0.776042 0.050570 0.044872 0.051282
0 0.819311 0.110399 0.025641 0.079772
0 0.821715 0.165954 0.052885 0.042735
0 0.805689 0.242877 0.024038 0.068376
0 0.841346 0.205840 0.048878 0.051282
0 0.878606 0.159544 0.043269 0.052707
0 0.869391 0.070513 0.055288 0.051282
0 0.850561 0.015670 0.030449 0.029915
0 0.924679 0.037749 0.023237 0.074074
0 0.914663 0.099715 0.056090 0.038462
0 0.914663 0.122507 0.056090 0.066952
0 0.982372 0.177350 0.031250 0.045584
0 0.880609 0.274929 0.029647 0.078348
0 0.925080 0.309117 0.060897 0.035613
0 0.963141 0.314103 0.040865 0.042735
0 0.866587 0.396011 0.043269 0.052707
0 0.871795 0.500712 0.037660 0.068376
0 0.948317 0.489316 0.016026 0.065527
0 0.925481 0.633903 0.026442 0.098291
0 0.812099 0.510684 0.020833 0.111111
0 0.811298 0.613248 0.054487 0.082621
0 0.760417 0.618946 0.053686 0.051282
0 0.752404 0.674501 0.029647 0.037037
0 0.704327 0.610399 0.040865 0.056980
0 0.694712 0.655271 0.044071 0.029915
0 0.633013 0.682336 0.047276 0.058405
0 0.638221 0.621083 0.049679 0.055556
0 0.639022 0.510684 0.041667 0.037037
0 0.721554 0.345442 0.049679 0.045584
0 0.740385 0.307692 0.029647 0.075499
0 0.742788 0.410969 0.040865 0.074074
0 0.722356 0.442308 0.041667 0.045584
0 0.769231 0.477920 0.031250 0.039886
0 0.776042 0.410256 0.048077 0.058405
0 0.835737 0.317664 0.031250 0.084046
0 0.851763 0.321937 0.031250 0.055556
0 0.752404 0.149573 0.036058 0.058405
0 0.568910 0.046296 0.042468 0.079772
0 0.566907 0.856838 0.022436 0.091168
0 0.692308 0.943020 0.068109 0.044160
0 0.756811 0.929487 0.024038 0.102564
0 0.787012 0.969979 0.013929 0.058191
0 0.836939 0.928063 0.027244 0.085470
0 0.834535 0.732194 0.062500 0.064103
0 0.830529 0.824786 0.046474 0.101140
0 0.858574 0.787749 0.040064 0.089744
0 0.887821 0.930912 0.039263 0.079772
0 0.961138 0.943732 0.022436 0.094017
0 0.985176 0.944444 0.027244 0.089744
0 0.972356 0.778490 0.046474 0.037037
0 0.966346 0.718661 0.048878 0.065527
0 0.974760 0.556980 0.022436 0.089744
0 0.363724 0.973540 0.023121 0.051068
0 0.314103 0.476496 0.020032 0.074074
0 0.166266 0.526353 0.064103 0.062678
0 0.017829 0.780196 0.035657 0.029054
0 0.048878 0.782764 0.032853 0.074074
