0 0.389010 0.624505 0.040521 0.054565
0 0.856784 0.494644 0.050026 0.052250
0 0.787596 0.378935 0.073109 0.039352
0 0.037604 0.865741 0.046042 0.064815
0 0.353029 0.040972 0.020641 0.067130
0 0.717711 0.265181 0.033339 0.061843
0 0.604542 0.351157 0.046583 0.048611
0 0.723727 0.566435 0.032870 0.062500
0 0.739990 0.499704 0.040396 0.032741
0 0.567229 0.633398 0.031333 0.057537
0 0.586315 0.936574 0.041380 0.041667
0 0.449365 0.481944 0.020604 0.069444
0 0.816039 0.313889 0.025828 0.092593
0 0.624157 0.233730 0.044643 0.030864
