0 0.535156 0.476852 0.035937 0.074074
0 0.705208 0.458333 0.020833 0.061111
0 0.932552 0.270370 0.035937 0.035185
0 0.890885 0.591667 0.034896 0.025926
0 0.570833 0.384259 0.020833 0.070370
0 0.303906 0.839815 0.026562 0.085185
0 0.558854 0.461111 0.042708 0.105556
0 0.056510 0.555556 0.055729 0.042593
0 0.980208 0.790741 0.039583 0.048148
0 0.319531 0.875463 0.056771 0.052778
0 0.523698 0.870370 0.033854 0.033333
0 0.576562 0.215741 0.054167 0.055556
0 0.978906 0.825463 0.042188 0.043519
0 0.945052 0.303704 0.044271 0.057407
0 0.301563 0.107407 0.043750 0.037037
0 0.535156 0.023611 0.029687 0.043519
0 0.397135 0.761111 0.021354 0.079630
0 0.871354 0.934259 0.036458 0.081481
0 0.827604 0.055093 0.043750 0.075000
0 0.421354 0.141204 0.037500 0.075000
0 0.385677 0.380556 0.056771 0.070370
0 0.869010 0.880556 0.021354 0.051852
