0 0.723611 0.545792 0.033333 0.042079
0 0.831250 0.649752 0.040278 0.037129
0 0.861111 0.949257 0.050000 0.076733
0 0.781250 0.970297 0.031944 0.049505
0 0.509028 0.424505 0.040278 0.056931
0 0.104861 0.136139 0.043056 0.054455
0 0.032639 0.024752 0.059722 0.054455
0 0.818750 0.867574 0.029167 0.051980
0 0.218750 0.154703 0.045833 0.047030
0 0.670139 0.623762 0.034722 0.034653
0 0.317361 0.501238 0.045833 0.091584
0 0.167361 0.521040 0.054167 0.051980
0 0.640972 0.521040 0.037500 0.071782
0 0.150694 0.830446 0.029167 0.051980
0 0.222222 0.544554 0.019444 0.064356
