0 0.698177 0.207407 0.018229 0.053704
0 0.395052 0.649074 0.024479 0.046296
0 0.206510 0.353241 0.029687 0.062037
0 0.388281 0.772222 0.026562 0.038889
0 0.600000 0.391667 0.020833 0.042593
0 0.225260 0.169444 0.030729 0.051852
0 0.268229 0.787037 0.030208 0.046296
0 0.444010 0.684259 0.018229 0.035185
0 0.914583 0.506019 0.023958 0.058333
0 0.502083 0.628241 0.021875 0.034259
0 0.902604 0.103241 0.030208 0.041667
0 0.377083 0.881944 0.023958 0.034259
0 0.580729 0.890741 0.029167 0.057407
0 0.790365 0.416204 0.028646 0.028704
0 0.757552 0.194444 0.029687 0.033333
0 0.615104 0.759259 0.020833 0.027778
0 0.514583 0.210648 0.023958 0.045370
0 0.468229 0.719907 0.026042 0.041667
0 0.670312 0.380093 0.032292 0.030556
0 0.555208 0.695833 0.028125 0.054630
0 0.561458 0.076389 0.043750 0.045370
0 0.961979 0.655556 0.036458 0.050000
0 0.172656 0.940278 0.024479 0.071296
0 0.958333 0.527778 0.017708 0.059259
0 0.737500 0.880556 0.032292 0.040741
0 0.348698 0.272222 0.028646 0.044444
0 0.279427 0.740741 0.018229 0.057407
0 0.654427 0.269444 0.018229 0.068519
0 0.580208 0.196759 0.033333 0.056481
0 0.792708 0.817593 0.028125 0.046296
0 0.150781 0.943056 0.032813 0.043519
0 0.546354 0.981481 0.012500 0.035185
0 0.691927 0.118519 0.021354 0.042593
