0 0.167448 0.031481 0.051562 0.053704
0 0.919531 0.707870 0.026562 0.058333
0 0.991406 0.556481 0.017188 0.044444
0 0.690104 0.568056 0.033333 0.036111
0 0.481510 0.460185 0.024479 0.081481
0 0.773958 0.502778 0.017708 0.072222
0 0.526302 0.194444 0.050521 0.040741
0 0.145052 0.544444 0.021354 0.081481
0 0.221354 0.812963 0.052083 0.057407
0 0.552083 0.206944 0.046875 0.050926
0 0.501302 0.492593 0.047396 0.051852
0 0.405729 0.346296 0.016667 0.085185
0 0.690104 0.787037 0.032292 0.094444
