0 0.411411 0.544704 0.034281 0.057926
0 0.451263 0.659769 0.030651 0.067685
0 0.272732 0.770532 0.031922 0.063287
0 0.478497 0.083204 0.021578 0.059000
0 0.418128 0.201917 0.020630 0.068648
0 0.424740 0.095384 0.041146 0.061139
0 0.349289 0.030037 0.053786 0.060074
0 0.635500 0.036472 0.032458 0.072944
0 0.707201 0.119037 0.052943 0.115852
0 0.881320 0.137588 0.032432 0.062213
0 0.913932 0.374472 0.025781 0.039685
0 0.931940 0.475495 0.024297 0.034324
0 0.871010 0.339870 0.014938 0.027889
0 0.938055 0.706516 0.024348 0.106764
0 0.200721 0.408120 0.036859 0.028490
0 0.220651 0.471356 0.035052 0.048269
0 0.047279 0.151528 0.059141 0.069722
0 0.408292 0.257824 0.038458 0.100833
0 0.515966 0.174435 0.028807 0.072944
0 0.496203 0.292708 0.021573 0.076157
0 0.604401 0.472681 0.029635 0.067583
0 0.544521 0.433199 0.022375 0.038620
0 0.553211 0.602111 0.028297 0.057926
0 0.620333 0.553921 0.041708 0.091176
0 0.824823 0.258356 0.030896 0.081528
0 0.393143 0.779403 0.040453 0.064361
0 0.347227 0.913671 0.062161 0.105120
0 0.418977 0.951093 0.026495 0.083667
0 0.806250 0.911254 0.022917 0.033618
0 0.135817 0.175214 0.027244 0.078348
0 0.221955 0.074074 0.026442 0.058405
0 0.709535 0.776353 0.019231 0.044160
0 0.777244 0.355413 0.036058 0.042735
0 0.798878 0.333333 0.056891 0.032764
0 0.876202 0.563390 0.017628 0.054131
0 0.410657 0.474359 0.036859 0.029915
0 0.400641 0.354701 0.021635 0.064103
0 0.067308 0.727920 0.048878 0.027066
