0 0.425260 0.716204 0.023438 0.075000
0 0.535156 0.792593 0.027604 0.042593
0 0.752604 0.681481 0.037500 0.114815
0 0.952604 0.441204 0.033333 0.025000
0 0.769531 0.042593 0.040104 0.035185
0 0.120573 0.206944 0.043229 0.036111
0 0.986458 0.200926 0.027083 0.051852
0 0.816406 0.586111 0.043229 0.042593
0 0.619531 0.926389 0.017188 0.050926
0 0.440104 0.729167 0.023958 0.058333
0 0.411458 0.075000 0.033333 0.035185
0 0.184375 0.551389 0.039583 0.032407
0 0.754427 0.330093 0.023438 0.071296
0 0.560156 0.466204 0.023438 0.039815
0 0.433854 0.603241 0.022917 0.063889
0 0.222135 0.159259 0.018229 0.051852
0 0.808333 0.618981 0.050000 0.032407
0 0.685156 0.903241 0.024479 0.060185
0 0.321354 0.161574 0.023958 0.058333
0 0.319531 0.786574 0.020313 0.052778
