0 0.131250 0.715347 0.031944 0.034653
0 0.317361 0.426980 0.023611 0.042079
0 0.233333 0.420792 0.036111 0.029703
0 0.125000 0.590347 0.033333 0.037129
0 0.214583 0.480198 0.029167 0.029703
0 0.698611 0.712871 0.027778 0.044554
0 0.136111 0.669554 0.036111 0.032178
0 0.725000 0.295792 0.019444 0.037129
0 0.623611 0.642327 0.025000 0.042079
0 0.625000 0.196782 0.033333 0.051980
0 0.202083 0.448020 0.034722 0.034653
0 0.831250 0.589109 0.020833 0.064356
0 0.150000 0.923267 0.044444 0.039604
0 0.375694 0.261139 0.037500 0.042079
0 0.784722 0.021040 0.038889 0.047030
0 0.650000 0.407178 0.019444 0.051980
0 0.542361 0.289604 0.031944 0.044554
0 0.661111 0.573020 0.027778 0.061881
0 0.777083 0.626238 0.029167 0.069307
0 0.351389 0.559406 0.030556 0.054455
0 0.986111 0.464109 0.025000 0.071782
0 0.009722 0.321782 0.019444 0.039604
