0 0.763281 0.659722 0.066146 0.069444
0 0.435156 0.729167 0.020313 0.091667
0 0.486458 0.447222 0.020833 0.031481
0 0.569531 0.467130 0.029687 0.052778
0 0.167708 0.442593 0.032292 0.031481
0 0.410677 0.064352 0.024479 0.036111
0 0.819531 0.583333 0.039062 0.087037
0 0.980990 0.167130 0.038021 0.036111
0 0.473177 0.885185 0.032813 0.029630
0 0.073177 0.548611 0.028646 0.030556
0 0.749479 0.339815 0.016667 0.053704
0 0.538281 0.795833 0.028646 0.026852
0 0.761458 0.029630 0.030208 0.033333
0 0.224479 0.162037 0.033333 0.057407
0 0.185677 0.547685 0.031771 0.030556
0 0.686979 0.901389 0.023958 0.056481
0 0.127083 0.659259 0.026042 0.057407
0 0.972135 0.873148 0.015104 0.059259
0 0.320833 0.782407 0.021875 0.057407
0 0.620052 0.922222 0.018229 0.051852
0 0.650781 0.633796 0.036979 0.032407
