0 0.344010 0.353241 0.031771 0.034259
0 0.229687 0.276389 0.023958 0.037963
0 0.310156 0.382870 0.019271 0.037963
0 0.697135 0.437500 0.016146 0.032407
0 0.344531 0.769444 0.024479 0.024074
0 0.142187 0.851389 0.038542 0.063889
0 0.396875 0.966667 0.018750 0.061111
0 0.485156 0.709259 0.023438 0.033333
0 0.456771 0.643056 0.012500 0.037963
0 0.684896 0.020833 0.039583 0.036111
0 0.981510 0.367593 0.027604 0.027778
0 0.316927 0.458333 0.020313 0.064815
0 0.765104 0.973148 0.017708 0.046296
0 0.373958 0.568519 0.019792 0.066667
0 0.326562 0.221296 0.015625 0.051852
0 0.538281 0.562500 0.023438 0.056481
0 0.419010 0.565278 0.024479 0.025000
0 0.115885 0.291667 0.030729 0.037037
0 0.638281 0.281944 0.027604 0.026852
0 0.231771 0.980093 0.053125 0.037963
0 0.550781 0.789352 0.034896 0.052778
0 0.871354 0.385648 0.023958 0.037963
0 0.509896 0.908796 0.015625 0.056481
0 0.632552 0.692593 0.017188 0.042593
0 0.580990 0.669907 0.019271 0.028704
0 0.323698 0.800000 0.032813 0.031481
0 0.615365 0.141667 0.025521 0.050000
0 0.561458 0.085648 0.033333 0.060185
0 0.917708 0.417593 0.027083 0.046296
0 0.466146 0.518519 0.030208 0.033333
0 0.485677 0.100926 0.017188 0.062963
0 0.894271 0.956481 0.033333 0.033333
0 0.754948 0.734259 0.017188 0.046296
0 0.061979 0.704167 0.035417 0.036111
0 0.275260 0.410648 0.018229 0.071296
0 0.586979 0.978241 0.035417 0.039815
0 0.387240 0.905093 0.025521 0.045370
0 0.481771 0.310185 0.016667 0.051852
0 0.920833 0.330093 0.029167 0.050926
0 0.762500 0.361574 0.030208 0.062037
0 0.231771 0.675000 0.047917 0.031481
0 0.183073 0.244444 0.032813 0.075926
0 0.698177 0.794444 0.027604 0.044444
0 0.673438 0.140278 0.037500 0.073148
0 0.925781 0.531944 0.038021 0.034259
