0 0.529122 0.349671 0.049911 0.036380
0 0.526424 0.193796 0.039307 0.072778
0 0.792638 0.736343 0.037359 0.048611
0 0.826104 0.774505 0.059500 0.026787
0 0.743076 0.657440 0.039276 0.051917
0 0.986422 0.486440 0.027010 0.063620
0 0.634484 0.017361 0.049177 0.034722
0 0.578245 0.019676 0.049198 0.039352
0 0.499094 0.038194 0.033604 0.067130
0 0.134034 0.123148 0.069109 0.074074
0 0.166724 0.527611 0.041781 0.036704
0 0.046188 0.717727 0.048625 0.031750
0 0.410363 0.050032 0.028018 0.094508
0 0.288919 0.719444 0.055964 0.046296
0 0.199672 0.941731 0.032677 0.048278
0 0.473682 0.947917 0.027573 0.071759
0 0.507779 0.746264 0.036391 0.049935
0 0.544568 0.613824 0.036010 0.072093
0 0.597513 0.609356 0.033568 0.072417
0 0.458737 0.661542 0.025807 0.036046
0 0.810294 0.890444 0.043505 0.042000
0 0.709047 0.014840 0.029966 0.025368
0 0.054081 0.227930 0.044235 0.030441
0 0.201056 0.241882 0.015696 0.048199
0 0.163955 0.593861 0.038527 0.041857
0 0.171090 0.646499 0.038527 0.058346
0 0.247075 0.384576 0.020691 0.067225
0 0.041595 0.694064 0.040668 0.031710
