0 0.867729 0.151565 0.037542 0.038315
0 0.728156 0.275972 0.056312 0.050093
0 0.600529 0.090440 0.028141 0.080880
0 0.892758 0.438301 0.040724 0.034009
0 0.967880 0.794824 0.031594 0.030389
0 0.512125 0.748653 0.053417 0.047306
0 0.638401 0.456065 0.028885 0.080648
0 0.415380 0.241704 0.059927 0.061185
0 0.392388 0.285963 0.022276 0.116370
0 0.402927 0.394102 0.016271 0.049315
0 0.402786 0.463106 0.034740 0.118806
0 0.196885 0.704227 0.023979 0.034380
0 0.092513 0.752560 0.053776 0.031046
0 0.272435 0.968579 0.031328 0.059380
0 0.364583 0.525641 0.034455 0.066952
0 0.257612 0.837607 0.024038 0.061254
0 0.045673 0.574786 0.037660 0.037037
0 0.776843 0.766382 0.040064 0.032764
0 0.511218 0.920228 0.032853 0.038462
