0 0.374479 0.881019 0.021875 0.032407
0 0.936979 0.088426 0.045833 0.045370
0 0.555208 0.740278 0.030208 0.034259
0 0.914583 0.749074 0.036458 0.048148
0 0.238281 0.648148 0.029687 0.033333
0 0.561458 0.682870 0.014583 0.056481
0 0.682552 0.530556 0.033854 0.029630
0 0.893229 0.127778 0.033333 0.053704
0 0.571354 0.104630 0.028125 0.044444
0 0.507552 0.580556 0.026562 0.025926
0 0.974479 0.712963 0.025000 0.070370
0 0.890104 0.569444 0.023958 0.059259
0 0.952083 0.127778 0.027083 0.061111
0 0.379427 0.522222 0.018229 0.057407
