0 0.385982 0.582588 0.029255 0.067028
0 0.340187 0.571454 0.039750 0.039204
0 0.408688 0.529583 0.025708 0.048056
0 0.464096 0.404741 0.027151 0.035407
0 0.861542 0.285907 0.042875 0.060704
0 0.844974 0.449773 0.051406 0.032880
0 0.748680 0.531977 0.028609 0.041731
0 0.602573 0.560255 0.031188 0.083472
0 0.608492 0.656505 0.032609 0.027824
0 0.554133 0.676398 0.015557 0.065759
0 0.568406 0.628028 0.048271 0.046796
0 0.474458 0.599231 0.038500 0.039204
0 0.372154 0.731097 0.021391 0.045528
0 0.216039 0.866032 0.032078 0.102435
0 0.065833 0.412171 0.063958 0.063231
0 0.300990 0.028454 0.049896 0.056907
0 0.884156 0.133060 0.032896 0.080935
0 0.968154 0.560546 0.043599 0.134056
0 0.641794 0.506843 0.020047 0.030352
0 0.647307 0.442819 0.016490 0.018972
0 0.723479 0.240269 0.011542 0.037944
0 0.673570 0.305917 0.020057 0.030352
0 0.658172 0.207681 0.010094 0.022769
0 0.691016 0.123759 0.012240 0.025296
0 0.683047 0.054968 0.028594 0.054380
