0 0.493490 0.547222 0.044271 0.090741
0 0.630729 0.019444 0.014583 0.038889
0 0.364583 0.337963 0.033333 0.059259
0 0.093229 0.464815 0.025000 0.048148
0 0.523698 0.531944 0.033854 0.071296
0 0.649479 0.792593 0.035417 0.051852
0 0.215104 0.801852 0.039583 0.062963
0 0.773958 0.298611 0.017708 0.071296
0 0.551823 0.202315 0.038021 0.075000
0 0.989583 0.518056 0.020833 0.086111
0 0.515625 0.209259 0.038542 0.044444
0 0.486979 0.485648 0.039583 0.060185
0 0.827865 0.752315 0.047396 0.058333
0 0.709375 0.587963 0.045833 0.046296
