0 0.262156 0.385394 0.033688 0.070787
0 0.223880 0.387241 0.045677 0.055963
0 0.224549 0.455782 0.047016 0.044898
0 0.470424 0.236977 0.023141 0.122102
0 0.677326 0.397431 0.012984 0.039306
0 0.424063 0.762588 0.033542 0.069620
0 0.137828 0.605597 0.017323 0.079713
0 0.278039 0.809588 0.028995 0.030287
0 0.217503 0.818852 0.041255 0.048815
0 0.730831 0.958944 0.043953 0.054926
0 0.675372 0.053806 0.031995 0.037241
0 0.608857 0.017593 0.025005 0.035185
0 0.256977 0.090856 0.036870 0.055787
0 0.160256 0.323362 0.032853 0.061254
0 0.028446 0.266382 0.056090 0.035613
0 0.134215 0.136752 0.032051 0.027066
0 0.138622 0.119658 0.040865 0.018519
0 0.484375 0.054843 0.038462 0.034188
0 0.522035 0.091880 0.025641 0.034188
0 0.702324 0.154558 0.020833 0.062678
0 0.905048 0.143875 0.017628 0.084046
0 0.983574 0.215812 0.028846 0.062678
0 0.904647 0.267806 0.036058 0.035613
0 0.834135 0.615385 0.028045 0.049858
0 0.801683 0.582621 0.028846 0.038462
0 0.745192 0.719373 0.024840 0.064103
0 0.555288 0.806980 0.020032 0.065527
0 0.474760 0.861111 0.020833 0.045584
0 0.656250 0.979345 0.029647 0.034188
0 0.149840 0.669516 0.058494 0.041311
0 0.429888 0.346866 0.035256 0.074074
0 0.390625 0.287037 0.024038 0.065527
0 0.107772 0.294160 0.038462 0.037037
0 0.518029 0.595442 0.027244 0.041311
0 0.516827 0.424501 0.012019 0.058405
0 0.476362 0.491453 0.016026 0.047009
0 0.643830 0.049858 0.020833 0.044160
0 0.689503 0.943732 0.022436 0.056980
