0 0.868229 0.830556 0.023958 0.044444
0 0.377865 0.296759 0.016146 0.045370
0 0.088802 0.275463 0.035937 0.034259
0 0.618229 0.644907 0.040625 0.034259
0 0.781510 0.122685 0.024479 0.063889
0 0.132031 0.238889 0.025521 0.085185
0 0.778125 0.394907 0.041667 0.036111
0 0.758333 0.492593 0.027083 0.044444
0 0.207031 0.736111 0.043229 0.044444
0 0.784635 0.054630 0.036979 0.042593
0 0.048438 0.479630 0.021875 0.085185
0 0.766927 0.255093 0.029687 0.067593
0 0.962760 0.151389 0.056771 0.037963
0 0.495833 0.721759 0.028125 0.050926
0 0.152604 0.354167 0.057292 0.062037
0 0.607031 0.796759 0.021354 0.062037
0 0.587500 0.041204 0.063542 0.049074
0 0.790104 0.482870 0.033333 0.054630
0 0.242188 0.135185 0.019792 0.072222
0 0.640104 0.250463 0.027083 0.056481
0 0.628906 0.348611 0.040104 0.067593
0 0.305729 0.156944 0.039583 0.060185
0 0.892708 0.681019 0.059375 0.089815
0 0.607031 0.492593 0.038021 0.046296
0 0.582031 0.013889 0.071354 0.027778
