0 0.676055 0.352046 0.036484 0.041130
0 0.239893 0.340236 0.044370 0.058250
0 0.159215 0.316738 0.020513 0.063105
0 0.258930 0.412250 0.051193 0.050426
0 0.158003 0.624352 0.026422 0.048704
0 0.156310 0.665097 0.048036 0.019083
0 0.229500 0.784583 0.031917 0.035833
0 0.421195 0.748694 0.034057 0.060352
0 0.750807 0.688259 0.017240 0.065407
0 0.984828 0.177463 0.022781 0.090111
0 0.682958 0.026949 0.025292 0.053898
0 0.536331 0.101509 0.035161 0.067833
0 0.663424 0.909852 0.027891 0.030815
0 0.455128 0.305556 0.079327 0.071225
0 0.633814 0.026353 0.015224 0.048433
0 0.293670 0.598291 0.033654 0.055556
0 0.866186 0.845442 0.020032 0.096866
0 0.750000 0.957977 0.047276 0.071225
0 0.112179 0.756410 0.045673 0.029915
0 0.147035 0.589744 0.035256 0.115385
0 0.285657 0.049858 0.024038 0.055556
0 0.247596 0.071937 0.042468 0.054131
0 0.729167 0.088319 0.016827 0.058405
0 0.866186 0.061254 0.015224 0.089744
0 0.913462 0.099715 0.018429 0.103989
0 0.673077 0.371083 0.026442 0.074074
0 0.473958 0.487179 0.017628 0.047009
0 0.483974 0.439459 0.015224 0.056980
0 0.514022 0.398860 0.024038 0.041311
0 0.324920 0.363960 0.032051 0.054131
0 0.229567 0.226496 0.032051 0.055556
0 0.035657 0.503561 0.044872 0.022792
0 0.551282 0.801282 0.015224 0.056980
0 0.603766 0.789174 0.016026 0.061254
0 0.457131 0.833333 0.065705 0.038462
0 0.052484 0.249288 0.049679 0.058405
0 0.048878 0.204416 0.037660 0.028490
0 0.075321 0.200142 0.037660 0.025641
0 0.657853 0.164530 0.036058 0.039886
0 0.699519 0.127493 0.021635 0.051282
0 0.773237 0.206553 0.029647 0.069801
0 0.507612 0.618234 0.022436 0.072650
0 0.220353 0.444444 0.048878 0.038462
0 0.101362 0.722934 0.025641 0.068376
0 0.120192 0.027066 0.023237 0.049858
0 0.502804 0.037037 0.019231 0.058405
0 0.880208 0.195869 0.030449 0.051282
0 0.974760 0.200142 0.040064 0.042735
