0 0.415557 0.237597 0.021740 0.077046
0 0.685461 0.151477 0.026130 0.065917
0 0.687148 0.306486 0.045130 0.048157
0 0.468917 0.704190 0.019083 0.049120
0 0.445505 0.671597 0.026427 0.063565
0 0.484232 0.690116 0.029922 0.039491
0 0.131898 0.608931 0.048172 0.030824
0 0.119776 0.744819 0.054135 0.043343
0 0.885810 0.655634 0.037245 0.076083
0 0.722995 0.118227 0.014740 0.032750
0 0.721901 0.079412 0.017760 0.036602
0 0.465946 0.440883 0.020833 0.065527
0 0.469952 0.398148 0.017628 0.054131
0 0.495192 0.346154 0.016827 0.072650
0 0.756811 0.687322 0.041667 0.031339
0 0.655449 0.534900 0.016827 0.062678
0 0.573718 0.782764 0.013622 0.054131
0 0.430288 0.884615 0.026442 0.038462
0 0.110176 0.059829 0.012821 0.066952
0 0.874199 0.289174 0.026442 0.058405
0 0.946314 0.212963 0.024840 0.065527
0 0.850561 0.596154 0.025641 0.054131
0 0.437901 0.071225 0.036859 0.035613
0 0.531651 0.555556 0.011218 0.052707
