0 0.776302 0.284722 0.026562 0.052778
0 0.632031 0.468056 0.021354 0.030556
0 0.697656 0.272685 0.022396 0.032407
0 0.483333 0.300926 0.020833 0.024074
0 0.323698 0.468981 0.015104 0.054630
0 0.251302 0.450000 0.027604 0.035185
0 0.653906 0.105556 0.020313 0.037037
0 0.291406 0.939815 0.033854 0.050000
0 0.753906 0.781944 0.016146 0.039815
0 0.622656 0.778241 0.029687 0.025000
0 0.816927 0.625926 0.031771 0.024074
0 0.432031 0.238426 0.016146 0.062037
0 0.481250 0.418056 0.022917 0.043519
0 0.754427 0.835648 0.018229 0.032407
0 0.463281 0.712500 0.018229 0.034259
0 0.439583 0.340741 0.017708 0.031481
