0 0.154427 0.541204 0.034896 0.047222
0 0.012760 0.455093 0.025521 0.069444
0 0.130208 0.555556 0.045833 0.050000
0 0.662760 0.119444 0.033854 0.040741
0 0.335677 0.156944 0.024479 0.100926
0 0.428385 0.524074 0.035937 0.042593
0 0.468750 0.867593 0.043750 0.055556
0 0.476302 0.530093 0.021354 0.058333
0 0.934115 0.703704 0.038021 0.029630
0 0.960677 0.519907 0.029687 0.073148
0 0.894531 0.151852 0.043229 0.079630
0 0.759635 0.218519 0.021354 0.051852
0 0.388802 0.918981 0.033854 0.047222
