0 0.202792 0.383764 0.019125 0.034194
0 0.215172 0.419241 0.044927 0.027370
0 0.662094 0.076037 0.021063 0.063185
0 0.135474 0.629907 0.027198 0.059815
0 0.023346 0.244144 0.040443 0.056806
0 0.261505 0.128597 0.030302 0.051639
0 0.463260 0.292769 0.029646 0.052204
0 0.676334 0.395151 0.042572 0.062382
0 0.807849 0.558588 0.022990 0.046806
0 0.491940 0.979083 0.017214 0.035944
0 0.703534 0.940185 0.041443 0.032222
0 0.955005 0.284435 0.046469 0.072574
0 0.848260 0.856366 0.034021 0.040509
0 0.419893 0.351120 0.031453 0.057796
0 0.592833 0.070708 0.017958 0.037713
0 0.202010 0.838537 0.043604 0.073370
0 0.492461 0.021389 0.018255 0.042778
0 0.026930 0.294153 0.053859 0.027194
0 0.131811 0.161681 0.038462 0.037037
0 0.247196 0.393875 0.027244 0.054131
0 0.210737 0.483618 0.036058 0.025641
0 0.129407 0.316239 0.059295 0.047009
0 0.134215 0.395299 0.027244 0.051282
0 0.270833 0.852564 0.029647 0.037037
0 0.465144 0.955128 0.032051 0.037037
0 0.513622 0.633903 0.029647 0.035613
0 0.672676 0.613248 0.016026 0.068376
0 0.701122 0.186610 0.015224 0.047009
0 0.723958 0.188746 0.032051 0.037037
0 0.903846 0.161681 0.023237 0.065527
0 0.728365 0.027778 0.015224 0.039886
0 0.971154 0.653134 0.028045 0.045584
0 0.852564 0.656695 0.018429 0.055556
0 0.427484 0.761396 0.032051 0.108262
0 0.223958 0.143162 0.044872 0.034188
0 0.425481 0.381054 0.021635 0.065527
0 0.511619 0.457977 0.022436 0.062678
0 0.474760 0.487892 0.016026 0.042735
0 0.622596 0.048433 0.023237 0.055556
0 0.644631 0.069088 0.027244 0.037037
0 0.917067 0.272792 0.019231 0.068376
0 0.239183 0.476496 0.062500 0.039886
0 0.556490 0.808405 0.020833 0.068376
