0 0.636029 0.782227 0.048529 0.044922
0 0.635294 0.278320 0.017647 0.046875
0 0.546324 0.669434 0.023529 0.036133
0 0.648529 0.653809 0.022059 0.077148
0 0.072426 0.436523 0.027206 0.042969
0 0.793382 0.874023 0.017647 0.042969
0 0.638603 0.987305 0.025735 0.025391
0 0.713971 0.278320 0.020588 0.029297
0 0.126471 0.606445 0.027941 0.037109
0 0.219853 0.337891 0.017647 0.037109
0 0.037132 0.087891 0.024265 0.025391
0 0.033824 0.478516 0.032353 0.027344
0 0.009559 0.542480 0.020588 0.041992
0 0.988235 0.686523 0.023529 0.023438
0 0.065074 0.983398 0.022794 0.021484
0 0.745221 0.984863 0.018382 0.026367
0 0.462500 0.011230 0.014706 0.022461
0 0.564706 0.571777 0.023529 0.047852
0 0.055147 0.745605 0.032353 0.038086
0 0.924632 0.910645 0.027206 0.026367
0 0.788235 0.945312 0.026471 0.027344
0 0.847059 0.495605 0.016176 0.053711
0 0.725735 0.898438 0.027941 0.031250
0 0.040441 0.030273 0.027941 0.042969
0 0.956250 0.136230 0.018382 0.051758
0 0.342647 0.007812 0.029412 0.015625
0 0.293750 0.738281 0.030147 0.033203
0 0.169485 0.019531 0.015441 0.039062
0 0.149632 0.679688 0.027206 0.050781
0 0.434926 0.410645 0.025735 0.045898
0 0.437132 0.981445 0.024265 0.035156
0 0.641544 0.106934 0.043382 0.049805
0 0.136029 0.228516 0.020588 0.054688
0 0.415441 0.363770 0.033824 0.051758
