0 0.185482 0.554653 0.031380 0.035231
0 0.315534 0.171440 0.020651 0.068806
0 0.752240 0.672523 0.032604 0.126528
0 0.448544 0.587995 0.035630 0.027843
0 0.438039 0.714657 0.037536 0.057093
0 0.814904 0.612536 0.058494 0.112536
0 0.769690 0.046208 0.034172 0.033157
0 0.225836 0.164954 0.026672 0.055833
0 0.124667 0.679231 0.020167 0.069574
0 0.568875 0.463884 0.045042 0.038880
0 0.319311 0.242165 0.027244 0.064103
0 0.163462 0.401709 0.029647 0.044160
0 0.970353 0.851852 0.023237 0.069801
0 0.684295 0.902422 0.024840 0.062678
0 0.526442 0.809117 0.040865 0.052707
0 0.322115 0.775641 0.018429 0.071225
0 0.417067 0.084758 0.044872 0.025641
0 0.354567 0.720085 0.017628 0.068376
0 0.619391 0.932336 0.020032 0.051282
0 0.756010 0.326211 0.016026 0.089744
