0 0.628676 0.702148 0.038235 0.052734
0 0.923897 0.054688 0.062500 0.058594
0 0.466176 0.016113 0.044118 0.032227
0 0.597426 0.747070 0.049265 0.044922
0 0.038235 0.707520 0.060294 0.034180
0 0.725368 0.327148 0.047794 0.044922
0 0.543750 0.943848 0.052206 0.047852
0 0.734559 0.361816 0.038235 0.067383
0 0.550735 0.973145 0.044118 0.045898
0 0.966544 0.031738 0.047794 0.061523
0 0.438235 0.653809 0.026471 0.065430
0 0.316544 0.918945 0.034559 0.068359
0 0.475000 0.594238 0.072059 0.041992
0 0.215441 0.368652 0.044118 0.038086
0 0.230515 0.634277 0.033088 0.043945
0 0.388603 0.785645 0.022794 0.069336
0 0.171324 0.558105 0.035294 0.063477
0 0.889706 0.596191 0.035294 0.077148
0 0.369118 0.900391 0.052941 0.035156
0 0.818750 0.736816 0.037500 0.041992
0 0.816544 0.167480 0.033088 0.055664
0 0.354779 0.710938 0.053676 0.054688
0 0.171691 0.098145 0.036029 0.061523
0 0.658456 0.292480 0.018382 0.079102
