0 0.425781 0.818519 0.016146 0.087037
0 0.507031 0.470370 0.020313 0.038889
0 0.222656 0.143056 0.039062 0.032407
0 0.513281 0.440278 0.016146 0.039815
0 0.423177 0.379630 0.024479 0.068519
0 0.140104 0.162963 0.033333 0.044444
0 0.420833 0.728704 0.020833 0.055556
0 0.121615 0.618519 0.034896 0.042593
0 0.989583 0.185185 0.020833 0.051852
0 0.718229 0.964352 0.030208 0.037963
0 0.483333 0.970833 0.017708 0.047222
0 0.703385 0.951389 0.038021 0.056481
0 0.027604 0.296296 0.043750 0.037037
0 0.669531 0.598148 0.014063 0.057407
0 0.228125 0.480093 0.059375 0.043519
0 0.809375 0.574537 0.030208 0.028704
0 0.136979 0.690741 0.050000 0.037037
0 0.845833 0.859259 0.032292 0.051852
0 0.902083 0.150000 0.022917 0.068519
0 0.378906 0.185648 0.029687 0.028704
0 0.136458 0.637037 0.033333 0.081481
0 0.466406 0.951389 0.034896 0.049074
0 0.472656 0.266667 0.018229 0.072222
0 0.678385 0.399074 0.044271 0.044444
0 0.195312 0.852778 0.037500 0.046296
0 0.127083 0.318519 0.061458 0.064815
0 0.253906 0.125926 0.024479 0.048148
0 0.635677 0.067130 0.024479 0.037963
0 0.213281 0.399074 0.049479 0.072222
0 0.023958 0.245833 0.039583 0.058333
0 0.971354 0.643981 0.026042 0.037963
0 0.270313 0.847685 0.029167 0.045370
0 0.248958 0.402778 0.031250 0.048148
0 0.662500 0.062963 0.027083 0.046296
0 0.513281 0.627778 0.032813 0.027778
0 0.948177 0.274074 0.040104 0.070370
0 0.674479 0.375926 0.028125 0.040741
0 0.482031 0.054167 0.035937 0.049074
0 0.699479 0.187037 0.016667 0.042593
0 0.727604 0.179630 0.018750 0.020370
