0 0.400549 0.461273 0.019849 0.063287
0 0.373482 0.492810 0.027172 0.055991
0 0.492987 0.442227 0.026599 0.062231
0 0.531419 0.467870 0.029505 0.057963
0 0.567667 0.388458 0.021792 0.075065
0 0.623938 0.405931 0.035375 0.032231
0 0.594516 0.186231 0.050490 0.050241
0 0.315878 0.107995 0.017172 0.090065
0 0.268182 0.295782 0.015531 0.119343
0 0.031539 0.684500 0.048495 0.091222
0 0.120258 0.723852 0.031141 0.045852
0 0.430313 0.850847 0.047083 0.046139
0 0.518490 0.972685 0.014063 0.054630
0 0.600677 0.980940 0.012812 0.037806
0 0.693318 0.829856 0.037677 0.052306
0 0.654029 0.749463 0.040349 0.061889
0 0.545138 0.582157 0.020484 0.062463
0 0.860112 0.436130 0.031682 0.050037
0 0.894198 0.768282 0.020688 0.086565
0 0.821333 0.834269 0.018708 0.061130
0 0.806102 0.861111 0.017411 0.061111
0 0.970323 0.257847 0.044812 0.037917
0 0.354245 0.144324 0.020990 0.057167
0 0.454375 0.018074 0.047292 0.036148
0 0.226359 0.051019 0.035010 0.027963
0 0.522436 0.883903 0.007212 0.059829
0 0.147035 0.486467 0.033654 0.039886
0 0.410256 0.121083 0.024840 0.069801
