0 0.009722 0.318069 0.019444 0.032178
0 0.201389 0.450495 0.038889 0.034653
0 0.542361 0.576733 0.023611 0.044554
0 0.345139 0.551980 0.026389 0.034653
0 0.648611 0.410891 0.019444 0.049505
0 0.211806 0.424505 0.026389 0.037129
0 0.148611 0.925743 0.044444 0.039604
0 0.702083 0.715347 0.045833 0.034653
0 0.534028 0.284653 0.037500 0.034653
0 0.939583 0.306931 0.026389 0.034653
0 0.683333 0.616337 0.022222 0.044554
0 0.770139 0.038366 0.043056 0.042079
0 0.375000 0.266089 0.038889 0.037129
0 0.768750 0.621287 0.029167 0.059406
0 0.582639 0.259901 0.031944 0.059406
