0 0.011111 0.466584 0.022222 0.032178
0 0.956250 0.873762 0.020833 0.064356
0 0.183333 0.377475 0.030556 0.051980
0 0.193750 0.945545 0.031944 0.064356
0 0.861111 0.538366 0.019444 0.061881
0 0.379861 0.735149 0.023611 0.039604
0 0.534722 0.646040 0.030556 0.034653
0 0.728472 0.512376 0.023611 0.054455
0 0.093750 0.538366 0.023611 0.042079
0 0.465972 0.514851 0.026389 0.049505
0 0.336111 0.941832 0.036111 0.032178
0 0.833333 0.712871 0.019444 0.059406
0 0.673611 0.581683 0.022222 0.069307
0 0.761806 0.508663 0.026389 0.042079
0 0.763889 0.590347 0.030556 0.037129
0 0.137500 0.232673 0.050000 0.034653
0 0.886111 0.881188 0.036111 0.044554
0 0.584028 0.741337 0.026389 0.071782
0 0.815972 0.613861 0.031944 0.044554
0 0.661111 0.444307 0.030556 0.047030
0 0.478472 0.048267 0.031944 0.042079
0 0.361111 0.251238 0.025000 0.086634
0 0.447222 0.237624 0.022222 0.054455
0 0.412500 0.478960 0.033333 0.061881
0 0.052083 0.793317 0.040278 0.061881
