0 0.212500 0.680693 0.036111 0.029703
0 0.267361 0.668317 0.023611 0.034653
0 0.182639 0.587871 0.029167 0.032178
0 0.865972 0.814356 0.020833 0.059406
0 0.833333 0.059406 0.033333 0.054455
0 0.254861 0.337871 0.051389 0.071782
0 0.074306 0.035891 0.026389 0.071782
0 0.784028 0.965347 0.026389 0.049505
0 0.186111 0.144802 0.036111 0.066832
0 0.070833 0.210396 0.033333 0.074257
0 0.475000 0.337871 0.025000 0.091584
0 0.670139 0.625000 0.034722 0.032178
0 0.128472 0.933168 0.031944 0.079208
0 0.034028 0.559406 0.051389 0.059406
0 0.548611 0.294554 0.055556 0.094059
