0 0.168151 0.154790 0.037772 0.071299
0 0.235985 0.086953 0.054324 0.066484
0 0.950349 0.641367 0.033051 0.034687
0 0.863570 0.474800 0.035963 0.031631
0 0.054496 0.092266 0.025169 0.040000
0 0.872011 0.976323 0.024904 0.038584
0 0.501430 0.908247 0.063154 0.058682
0 0.481779 0.803027 0.038559 0.031836
0 0.910493 0.793843 0.026868 0.025186
0 0.395195 0.111816 0.043331 0.026367
0 0.535489 0.062222 0.018037 0.044365
0 0.534706 0.191582 0.047353 0.037461
0 0.947092 0.270156 0.023596 0.028594
0 0.813971 0.265557 0.010294 0.036973
0 0.807875 0.223970 0.043691 0.045596
0 0.117180 0.469346 0.066713 0.100801
0 0.295496 0.472681 0.036581 0.031299
0 0.129382 0.363506 0.042588 0.047324
0 0.475187 0.302798 0.015081 0.039189
0 0.738434 0.470322 0.016574 0.022676
0 0.970790 0.430937 0.020993 0.031797
0 0.357882 0.699385 0.024588 0.035488
0 0.246846 0.763687 0.018691 0.029326
0 0.069482 0.607808 0.024257 0.030068
0 0.415224 0.961738 0.018684 0.040664
0 0.843335 0.871235 0.042551 0.029580
0 0.255073 0.588161 0.022244 0.061548
0 0.677404 0.115062 0.021626 0.064010
0 0.815503 0.100291 0.032130 0.050880
0 0.340170 0.023540 0.034830 0.037007
0 0.943498 0.167455 0.041796 0.039062
0 0.614938 0.807360 0.031734 0.044202
0 0.714009 0.732833 0.022446 0.034951
