0 0.468229 0.527315 0.027083 0.045370
0 0.155729 0.543056 0.033333 0.054630
0 0.373177 0.927778 0.020313 0.062963
0 0.761458 0.182407 0.023958 0.044444
0 0.329688 0.121759 0.028125 0.078704
0 0.362240 0.056944 0.038021 0.056481
0 0.922135 0.709722 0.039062 0.037963
0 0.653906 0.117130 0.023438 0.056481
0 0.935156 0.521759 0.053646 0.037963
0 0.470313 0.881481 0.050000 0.038889
0 0.887760 0.139815 0.041146 0.053704
0 0.410677 0.506481 0.035937 0.074074
0 0.128906 0.541667 0.032813 0.061111
