0 0.187581 0.174517 0.026632 0.026768
0 0.171537 0.141133 0.023956 0.073281
0 0.128305 0.486528 0.033081 0.055088
0 0.111243 0.467778 0.060721 0.095713
0 0.946261 0.624653 0.041051 0.053994
0 0.498952 0.914585 0.056728 0.040107
0 0.862467 0.963296 0.052875 0.039873
0 0.341213 0.018413 0.039779 0.025107
0 0.059199 0.093638 0.013985 0.056416
0 0.076669 0.608447 0.022456 0.029395
0 0.533537 0.185654 0.024426 0.031465
0 0.490191 0.198848 0.025971 0.046133
0 0.476191 0.301118 0.021500 0.047549
0 0.133158 0.368794 0.047199 0.040322
0 0.133746 0.337261 0.051316 0.022178
0 0.675868 0.102817 0.026735 0.053291
0 0.801287 0.220039 0.027574 0.053359
0 0.815537 0.235083 0.032544 0.038525
0 0.237548 0.077637 0.036860 0.055664
0 0.536298 0.049214 0.016713 0.039834
0 0.815449 0.081484 0.022074 0.036016
0 0.950489 0.257153 0.023037 0.033838
0 0.291662 0.470073 0.027441 0.043662
0 0.741886 0.464067 0.016125 0.031650
0 0.254408 0.772593 0.024993 0.025654
0 0.896563 0.781250 0.029890 0.037109
0 0.389868 0.855986 0.026794 0.065488
0 0.846456 0.865205 0.037029 0.027285
0 0.709632 0.728999 0.016324 0.028311
0 0.480263 0.775493 0.073529 0.054482
0 0.869582 0.476871 0.023994 0.049342
0 0.400929 0.112459 0.051084 0.029811
0 0.155573 0.129420 0.037152 0.037007
