0 0.020833 0.626238 0.025000 0.054455
0 0.272222 0.099010 0.019444 0.079208
0 0.672222 0.626238 0.036111 0.029703
0 0.487500 0.417079 0.058333 0.071782
0 0.133333 0.122525 0.041667 0.042079
0 0.920833 0.866337 0.016667 0.064356
0 0.167361 0.559406 0.026389 0.049505
0 0.780556 0.970297 0.038889 0.049505
0 0.438889 0.435644 0.063889 0.054455
0 0.143750 0.945545 0.020833 0.064356
0 0.243750 0.534653 0.029167 0.069307
0 0.088889 0.065594 0.038889 0.047030
0 0.822222 0.867574 0.033333 0.051980
0 0.575694 0.459158 0.040278 0.061881
0 0.717361 0.551980 0.043056 0.029703
