0 0.360232 0.422300 0.033699 0.043818
0 0.537529 0.348828 0.042706 0.029687
0 0.638463 0.304922 0.019574 0.049297
0 0.587162 0.364990 0.036088 0.040527
0 0.347009 0.199052 0.035822 0.045072
0 0.408746 0.620352 0.039551 0.049297
0 0.641625 0.025742 0.027368 0.051484
0 0.321831 0.374312 0.024544 0.025967
0 0.785937 0.229316 0.027757 0.036758
0 0.653067 0.831313 0.044620 0.017528
0 0.012670 0.817124 0.024510 0.037560
0 0.660217 0.572985 0.023220 0.054482
0 0.243034 0.600226 0.030960 0.037007
0 0.544505 0.252775 0.023994 0.037007
0 0.812693 0.572985 0.023220 0.048314
