0 0.872656 0.911111 0.053646 0.079630
0 0.733333 0.511111 0.018750 0.040741
0 0.576823 0.439352 0.028646 0.045370
0 0.016927 0.964352 0.033854 0.052778
0 0.865104 0.956944 0.050000 0.060185
0 0.619010 0.277778 0.033854 0.027778
0 0.820573 0.817130 0.034896 0.034259
0 0.932552 0.274074 0.027604 0.066667
0 0.898438 0.588426 0.046875 0.036111
0 0.840625 0.044907 0.040625 0.056481
0 0.521354 0.846759 0.023958 0.073148
0 0.409635 0.365741 0.028646 0.090741
0 0.569531 0.481481 0.042188 0.098148
0 0.590104 0.204167 0.030208 0.052778
0 0.418229 0.146296 0.040625 0.040741
0 0.314063 0.858796 0.057292 0.056481
