0 0.844485 0.731445 0.025735 0.056641
0 0.898529 0.752441 0.042647 0.043945
0 0.675000 0.066895 0.039706 0.081055
0 0.931250 0.414062 0.034559 0.066406
0 0.720221 0.070312 0.050735 0.042969
0 0.980882 0.415527 0.035294 0.079102
0 0.172794 0.448730 0.047059 0.077148
0 0.774265 0.091309 0.066176 0.049805
0 0.480515 0.147949 0.022794 0.069336
0 0.523529 0.941406 0.052941 0.103516
0 0.034191 0.139648 0.053676 0.046875
0 0.429412 0.314941 0.048529 0.081055
0 0.544853 0.723145 0.100000 0.061523
0 0.679779 0.964355 0.052206 0.055664
0 0.382353 0.580566 0.051471 0.061523
