0 0.678922 0.048949 0.025552 0.060861
0 0.478497 0.256185 0.022620 0.062370
0 0.233513 0.385389 0.059734 0.052259
0 0.131581 0.612083 0.015245 0.074167
0 0.139380 0.696014 0.024594 0.049435
0 0.155664 0.661398 0.023828 0.048722
0 0.422549 0.742218 0.021141 0.086287
0 0.455208 0.882443 0.058333 0.074145
0 0.115307 0.059829 0.021240 0.058546
0 0.152669 0.106602 0.031380 0.050241
0 0.246276 0.080667 0.017552 0.053926
0 0.667690 0.366634 0.040589 0.048083
0 0.316055 0.785046 0.021693 0.027500
0 0.157853 0.321937 0.015224 0.069801
0 0.215144 0.465100 0.054487 0.088319
0 0.287660 0.605413 0.042468 0.038462
0 0.389423 0.274217 0.024840 0.079772
0 0.444311 0.327635 0.059295 0.049858
0 0.488782 0.625356 0.018429 0.055556
0 0.551282 0.803419 0.016827 0.066952
0 0.611779 0.788462 0.024038 0.059829
0 0.653045 0.943020 0.031250 0.101140
0 0.818510 0.594729 0.009615 0.059829
0 0.870593 0.519943 0.024038 0.027066
0 0.838542 0.618234 0.028846 0.024217
0 0.843750 0.712963 0.031250 0.039886
0 0.847356 0.801994 0.019231 0.052707
0 0.851362 0.845442 0.017628 0.031339
0 0.729968 0.716524 0.042468 0.035613
0 0.491587 0.063390 0.035256 0.028490
0 0.530048 0.091880 0.025641 0.048433
0 0.703926 0.154558 0.012821 0.054131
0 0.904247 0.118946 0.020833 0.068376
0 0.850561 0.061254 0.035256 0.052707
0 0.048878 0.238604 0.029647 0.054131
0 0.029247 0.274217 0.043269 0.045584
0 0.080128 0.744302 0.037660 0.074074
0 0.476763 0.485755 0.016827 0.044160
0 0.604167 0.262108 0.012019 0.029915
0 0.760016 0.818376 0.011218 0.042735
0 0.739814 0.973540 0.060557 0.051068
0 0.577724 0.490741 0.015224 0.037037
0 0.958333 0.217949 0.039263 0.027066
0 0.989523 0.207725 0.019912 0.083541
0 0.370593 0.563390 0.016026 0.037037
0 0.252804 0.114672 0.030449 0.091168
