0 0.407353 0.906738 0.019118 0.032227
0 0.612132 0.207520 0.018382 0.049805
0 0.257721 0.648438 0.018382 0.039062
0 0.260662 0.060059 0.015441 0.028320
0 0.451838 0.750977 0.018382 0.044922
0 0.936397 0.945312 0.018382 0.035156
0 0.080882 0.818848 0.025000 0.036133
0 0.227206 0.040527 0.023529 0.034180
0 0.782353 0.379395 0.023529 0.045898
0 0.579779 0.562988 0.031618 0.034180
0 0.702574 0.599609 0.024265 0.037109
0 0.908824 0.848145 0.030882 0.022461
0 0.329779 0.937988 0.034559 0.030273
