0 0.731294 0.393750 0.041755 0.080093
0 0.437570 0.628218 0.053266 0.082361
0 0.536214 0.598579 0.051594 0.049009
0 0.572917 0.969444 0.033333 0.061111
0 0.481693 0.957968 0.046719 0.056676
0 0.313737 0.513833 0.067057 0.048037
0 0.149107 0.863042 0.029464 0.076083
0 0.504326 0.211111 0.051359 0.064815
0 0.207161 0.165838 0.043490 0.039083
0 0.453964 0.371806 0.028760 0.067685
0 0.899454 0.651499 0.028522 0.068342
0 0.033879 0.379784 0.028522 0.073854
0 0.986260 0.370414 0.026042 0.074956
