0 0.399805 0.212436 0.024609 0.074871
0 0.589699 0.055041 0.041233 0.039866
0 0.578857 0.013889 0.061505 0.027778
0 0.300347 0.161780 0.044126 0.055298
0 0.235605 0.136703 0.024595 0.072016
0 0.155521 0.347222 0.070417 0.074074
0 0.129630 0.226080 0.026765 0.091307
0 0.082507 0.266911 0.054048 0.049511
0 0.632017 0.348894 0.072338 0.069444
0 0.766016 0.272088 0.038281 0.070102
0 0.775466 0.480620 0.040516 0.066796
0 0.889653 0.695640 0.053756 0.086497
0 0.860966 0.822145 0.036892 0.038580
0 0.967236 0.166217 0.025184 0.079604
0 0.200229 0.730774 0.043542 0.038452
0 0.039569 0.473637 0.024595 0.092593
0 0.607805 0.493782 0.043734 0.044972
0 0.607956 0.792727 0.022161 0.050269
0 0.623203 0.664417 0.078698 0.052907
0 0.496383 0.722479 0.038339 0.050154
0 0.259115 0.748843 0.047020 0.030864
0 0.426683 0.876068 0.033654 0.038462
0 0.775641 0.389601 0.034455 0.054131
0 0.463542 0.083333 0.019231 0.037037
0 0.079327 0.470085 0.034455 0.035613
0 0.639824 0.256410 0.027244 0.041311
0 0.816106 0.395299 0.024038 0.062678
0 0.699519 0.703704 0.026442 0.055556
