0 0.247135 0.143056 0.045312 0.054630
0 0.076302 0.542130 0.050521 0.050926
0 0.542708 0.018056 0.017708 0.037963
0 0.602604 0.223611 0.029167 0.056481
0 0.499479 0.850000 0.052083 0.075926
0 0.874479 0.888426 0.052083 0.045370
0 0.696615 0.453704 0.028646 0.061111
0 0.564063 0.464815 0.029167 0.101852
0 0.825000 0.065741 0.048958 0.057407
0 0.389583 0.368981 0.030208 0.045370
0 0.866406 0.932870 0.051562 0.063889
0 0.429948 0.095833 0.025521 0.067593
0 0.288281 0.125926 0.025521 0.068519
0 0.981250 0.816667 0.036458 0.122222
0 0.931510 0.297222 0.060937 0.046296
0 0.318229 0.864815 0.036458 0.111111
