0 0.478591 0.507921 0.016557 0.039917
0 0.497943 0.444384 0.032344 0.055435
0 0.505951 0.490139 0.023359 0.041389
0 0.644706 0.497685 0.032120 0.087963
0 0.584302 0.415116 0.024854 0.063565
0 0.601055 0.516759 0.029193 0.087222
0 0.632388 0.567694 0.053318 0.076130
0 0.652846 0.648991 0.019234 0.077611
0 0.628253 0.639773 0.025255 0.036954
0 0.681982 0.454537 0.033755 0.085000
0 0.703221 0.537542 0.044984 0.047306
0 0.738339 0.480324 0.040219 0.042130
0 0.788568 0.429907 0.013594 0.085741
0 0.809625 0.392477 0.019250 0.107176
0 0.765208 0.387852 0.039792 0.103481
0 0.775424 0.283852 0.038349 0.036222
0 0.818910 0.128205 0.048878 0.132479
0 0.864589 0.230333 0.045844 0.034741
0 0.884773 0.297500 0.051839 0.085741
0 0.912917 0.127690 0.027917 0.081306
0 0.668854 0.227519 0.036667 0.068000
0 0.506141 0.159921 0.015406 0.071694
0 0.456198 0.164755 0.035312 0.055435
0 0.399841 0.122366 0.029891 0.039176
0 0.333922 0.213972 0.024094 0.094611
0 0.382612 0.393162 0.048077 0.066952
0 0.411859 0.484330 0.024840 0.072650
0 0.393013 0.638995 0.022484 0.072435
0 0.505815 0.595306 0.040797 0.059130
0 0.642228 0.763533 0.054487 0.064103
0 0.904784 0.616556 0.056443 0.103481
0 0.094952 0.058405 0.065705 0.112536
0 0.124199 0.061254 0.042468 0.052707
0 0.142228 0.022792 0.091346 0.041311
0 0.086138 0.252137 0.051282 0.029915
0 0.020032 0.281339 0.037660 0.022792
0 0.040865 0.316239 0.048878 0.058405
0 0.017228 0.351140 0.030449 0.056980
0 0.036859 0.377493 0.032853 0.078348
0 0.034455 0.449430 0.040865 0.051282
0 0.071715 0.438746 0.033654 0.092593
0 0.099760 0.476496 0.049679 0.074074
0 0.086939 0.485043 0.038462 0.019943
0 0.078125 0.518519 0.056090 0.061254
0 0.028045 0.642450 0.050481 0.061254
0 0.070913 0.299858 0.040064 0.051282
0 0.187901 0.049145 0.024038 0.074074
0 0.189103 0.185897 0.058494 0.054131
0 0.114183 0.190171 0.028846 0.085470
0 0.153446 0.220085 0.056090 0.056980
0 0.174679 0.304131 0.068109 0.056980
0 0.181891 0.319801 0.020032 0.054131
0 0.191907 0.368946 0.025641 0.075499
0 0.121394 0.425214 0.051282 0.059829
0 0.179487 0.423077 0.071314 0.032764
0 0.140224 0.462963 0.064904 0.035613
0 0.141827 0.531339 0.029647 0.044160
0 0.221154 0.383191 0.044071 0.038462
0 0.218750 0.321225 0.032853 0.045584
0 0.245192 0.286325 0.045673 0.052707
0 0.249599 0.212963 0.024038 0.082621
0 0.234776 0.103276 0.058494 0.048433
0 0.295272 0.116809 0.054487 0.058405
0 0.277644 0.034900 0.040064 0.065527
0 0.266426 0.344017 0.059295 0.028490
0 0.262019 0.364672 0.040865 0.123932
0 0.220753 0.408832 0.060897 0.066952
0 0.246795 0.469373 0.040865 0.074074
0 0.269631 0.502137 0.025641 0.082621
0 0.273237 0.522792 0.100160 0.032764
0 0.182692 0.534900 0.031250 0.051282
0 0.122196 0.669516 0.033654 0.072650
0 0.114183 0.726496 0.040064 0.072650
0 0.146234 0.806268 0.056090 0.052707
0 0.059295 0.853276 0.039263 0.072650
0 0.032853 0.829060 0.061699 0.081197
0 0.081731 0.923077 0.068109 0.089744
0 0.147035 0.957265 0.046474 0.035613
0 0.175080 0.972934 0.054487 0.047009
0 0.225962 0.966524 0.058494 0.045584
0 0.209936 0.886040 0.042468 0.064103
0 0.208333 0.804131 0.044071 0.065527
0 0.258413 0.760684 0.038462 0.041311
0 0.214744 0.711538 0.056891 0.028490
0 0.238782 0.603989 0.047276 0.066952
0 0.260016 0.589031 0.025641 0.076923
0 0.234375 0.664530 0.048077 0.054131
0 0.272436 0.644587 0.053686 0.062678
0 0.306490 0.664530 0.041667 0.094017
0 0.329327 0.698006 0.044071 0.092593
0 0.314904 0.457265 0.024840 0.092593
0 0.295272 0.395299 0.025641 0.054131
0 0.342949 0.279915 0.058494 0.042735
0 0.353365 0.148860 0.040865 0.085470
0 0.363782 0.173789 0.052083 0.109687
0 0.357372 0.022792 0.060096 0.038462
0 0.362179 0.046296 0.047276 0.045584
0 0.410256 0.158120 0.036058 0.146724
0 0.454728 0.093305 0.025641 0.028490
0 0.433494 0.101852 0.028045 0.059829
0 0.459936 0.222222 0.021635 0.055556
0 0.461538 0.293447 0.018429 0.084046
0 0.538061 0.356125 0.033654 0.084046
0 0.369391 0.680199 0.042468 0.173789
0 0.410657 0.707977 0.017628 0.069801
0 0.419471 0.757835 0.022436 0.138177
0 0.437099 0.769231 0.028846 0.061254
0 0.399840 0.833333 0.068109 0.044160
0 0.397837 0.864672 0.027244 0.092593
0 0.330128 0.896724 0.109776 0.054131
0 0.358153 0.969266 0.063341 0.059615
0 0.393101 0.972828 0.016170 0.052493
0 0.431891 0.921652 0.037660 0.092593
0 0.470753 0.956553 0.073718 0.071225
0 0.488381 0.875356 0.028846 0.037037
0 0.471955 0.825499 0.032853 0.076923
0 0.454728 0.650997 0.046474 0.101140
0 0.480369 0.641738 0.041667 0.099715
0 0.518429 0.668803 0.024840 0.079772
0 0.523237 0.804843 0.026442 0.055556
0 0.527644 0.936610 0.027244 0.111111
0 0.550881 0.911681 0.040064 0.038462
0 0.580929 0.886040 0.036058 0.064103
0 0.585737 0.922365 0.042468 0.051282
0 0.606147 0.975677 0.038416 0.046795
0 0.621148 0.963568 0.033161 0.071011
0 0.657051 0.902422 0.037660 0.088319
0 0.675481 0.932336 0.018429 0.094017
0 0.724359 0.913105 0.029647 0.118234
0 0.779647 0.878917 0.084135 0.052707
0 0.761619 0.812678 0.043269 0.068376
0 0.796875 0.839031 0.035256 0.084046
0 0.678686 0.794160 0.047276 0.082621
0 0.705529 0.800570 0.027244 0.089744
0 0.705128 0.687322 0.037660 0.068376
0 0.599760 0.697293 0.054487 0.025641
0 0.584135 0.624644 0.045673 0.048433
0 0.711138 0.606838 0.054487 0.078348
0 0.772837 0.732906 0.030449 0.094017
0 0.788462 0.934473 0.047276 0.047009
0 0.800208 0.981375 0.029102 0.035399
0 0.822115 0.957977 0.042468 0.037037
0 0.762019 0.876068 0.060096 0.055556
0 0.834936 0.862536 0.028045 0.133903
0 0.800080 0.747863 0.038462 0.101140
0 0.821314 0.749288 0.037660 0.089744
0 0.852965 0.754986 0.051282 0.072650
0 0.872997 0.839744 0.019231 0.108262
0 0.907853 0.832621 0.055288 0.088319
0 0.913462 0.900285 0.039263 0.098291
0 0.977965 0.704416 0.041667 0.056980
0 0.888622 0.705840 0.018429 0.096866
0 0.923077 0.691595 0.058494 0.056980
0 0.849760 0.695157 0.024038 0.106838
0 0.789263 0.661681 0.013622 0.068376
0 0.805288 0.639601 0.036058 0.052707
0 0.813702 0.631766 0.044872 0.082621
0 0.812901 0.598291 0.044872 0.055556
0 0.869792 0.633191 0.022436 0.085470
0 0.846154 0.576923 0.050481 0.064103
0 0.817708 0.544872 0.025641 0.088319
0 0.900641 0.472222 0.050481 0.039886
0 0.897035 0.478632 0.022436 0.078348
0 0.941106 0.446581 0.075321 0.031339
0 0.950321 0.482906 0.039263 0.047009
0 0.956731 0.499288 0.032853 0.056980
0 0.890224 0.376781 0.036058 0.076923
0 0.925481 0.425214 0.044071 0.062678
0 0.917468 0.385328 0.031250 0.034188
0 0.935497 0.321937 0.017628 0.115385
0 0.970753 0.322650 0.052885 0.065527
0 0.988782 0.348291 0.016827 0.034188
0 0.962740 0.361823 0.035256 0.075499
0 0.932692 0.222934 0.032853 0.059829
0 0.987179 0.181624 0.023237 0.059829
0 0.929487 0.062678 0.052083 0.052707
0 0.952324 0.069801 0.035256 0.084046
0 0.943510 0.013818 0.064103 0.028490
0 0.956330 0.150997 0.056090 0.052707
0 0.606170 0.016382 0.022436 0.031339
0 0.616987 0.075499 0.013622 0.084046
0 0.663061 0.132479 0.038462 0.041311
0 0.637821 0.174501 0.029647 0.054131
0 0.667869 0.175214 0.056090 0.032764
0 0.664263 0.027066 0.026442 0.041311
0 0.704728 0.029915 0.040064 0.052707
0 0.699119 0.066952 0.035256 0.055556
0 0.752404 0.081197 0.052083 0.109687
0 0.756811 0.016382 0.014423 0.028490
0 0.914663 0.187322 0.028846 0.074074
0 0.817708 0.272080 0.049679 0.038462
0 0.758013 0.209402 0.042468 0.064103
0 0.736779 0.267806 0.028846 0.064103
0 0.742788 0.360399 0.060096 0.035613
0 0.447516 0.397436 0.041667 0.047009
0 0.982712 0.845114 0.033534 0.033534
0 0.956731 0.920228 0.044071 0.044160
0 0.983914 0.936842 0.031130 0.068840
0 0.758814 0.967236 0.032853 0.061254
0 0.389423 0.521368 0.050481 0.047009
0 0.422676 0.316952 0.033654 0.025641
0 0.777244 0.466524 0.036058 0.042735
0 0.557692 0.062678 0.015224 0.072650
0 0.233574 0.020655 0.035256 0.031339
0 0.050481 0.109687 0.024840 0.061254
0 0.336939 0.783476 0.070513 0.032764
