0 0.793015 0.967773 0.021324 0.025391
0 0.167279 0.018555 0.019853 0.039062
0 0.511397 0.087402 0.025735 0.036133
0 0.084191 0.030273 0.044853 0.031250
0 0.905515 0.872559 0.033088 0.030273
0 0.904412 0.785645 0.030882 0.032227
0 0.565441 0.624023 0.026471 0.046875
0 0.913235 0.973145 0.033824 0.038086
0 0.629779 0.740723 0.028676 0.034180
0 0.374265 0.320312 0.035294 0.035156
0 0.708088 0.359863 0.017647 0.049805
0 0.373897 0.051270 0.019853 0.045898
0 0.726838 0.967773 0.036029 0.029297
0 0.560294 0.594727 0.032353 0.056641
0 0.840441 0.726562 0.023529 0.039062
0 0.786029 0.875977 0.029412 0.042969
0 0.295956 0.749023 0.037500 0.031250
0 0.966544 0.149902 0.021324 0.049805
0 0.456618 0.131348 0.030882 0.047852
0 0.143382 0.724609 0.035294 0.037109
0 0.399265 0.427734 0.042647 0.027344
0 0.072794 0.757812 0.025000 0.046875
0 0.425000 0.333984 0.045588 0.054688
0 0.122426 0.667480 0.030147 0.053711
0 0.912132 0.039062 0.037500 0.031250
0 0.431618 0.464355 0.041176 0.026367
0 0.664706 0.130859 0.032353 0.039062
0 0.040074 0.042480 0.030147 0.053711
0 0.022794 0.573730 0.038235 0.043945
0 0.021324 0.524902 0.033824 0.036133
0 0.948529 0.219727 0.017647 0.050781
0 0.845956 0.570312 0.030147 0.058594
0 0.038971 0.136230 0.022059 0.045898
0 0.127206 0.308105 0.035294 0.053711
