0 0.604701 0.150879 0.023292 0.083936
0 0.596153 0.291312 0.039528 0.047970
0 0.544951 0.029431 0.014903 0.058861
0 0.458639 0.214802 0.031167 0.053366
0 0.654514 0.427871 0.025694 0.058713
0 0.499472 0.623478 0.012833 0.073688
0 0.833049 0.650210 0.035542 0.028144
0 0.438694 0.465978 0.010722 0.070569
0 0.347576 0.608750 0.017375 0.064035
0 0.129444 0.733936 0.033889 0.037178
0 0.251743 0.145594 0.017375 0.068416
0 0.803431 0.517995 0.012417 0.045891
0 0.987187 0.514851 0.024375 0.054455
0 0.551833 0.579307 0.020333 0.024950
0 0.738760 0.840666 0.030785 0.054864
0 0.849728 0.801113 0.025057 0.044657
0 0.682918 0.147851 0.020762 0.082934
0 0.165664 0.499362 0.051546 0.061243
