0 0.318229 0.196296 0.014583 0.042593
0 0.983854 0.903241 0.026042 0.073148
0 0.123177 0.507407 0.038021 0.029630
0 0.347135 0.694444 0.014063 0.035185
0 0.857031 0.312037 0.028646 0.042593
0 0.222656 0.919907 0.021354 0.060185
0 0.669531 0.037500 0.015104 0.056481
0 0.989583 0.033796 0.020833 0.062037
0 0.298958 0.197222 0.014583 0.044444
0 0.979427 0.905093 0.021354 0.069444
0 0.588281 0.400000 0.017188 0.042593
0 0.671615 0.590278 0.013021 0.034259
0 0.045052 0.888426 0.049479 0.032407
0 0.644010 0.981019 0.011979 0.030556
0 0.581250 0.399074 0.028125 0.040741
0 0.221354 0.192593 0.017708 0.040741
0 0.368490 0.846296 0.016146 0.038889
0 0.378385 0.923611 0.024479 0.069444
0 0.976302 0.669907 0.018229 0.060185
0 0.136979 0.786111 0.019792 0.072222
0 0.687760 0.748611 0.035937 0.032407
0 0.453906 0.578241 0.016146 0.043519
0 0.888802 0.308333 0.016146 0.064815
0 0.318229 0.749074 0.020833 0.053704
0 0.341927 0.509259 0.027604 0.088889
0 0.748958 0.293056 0.033333 0.067593
0 0.452604 0.432407 0.027083 0.033333
0 0.299479 0.380556 0.017708 0.079630
0 0.577083 0.933796 0.039583 0.039815
0 0.622135 0.231944 0.022396 0.058333
0 0.902083 0.289815 0.023958 0.061111
0 0.472135 0.033333 0.017188 0.061111
0 0.073958 0.605093 0.022917 0.058333
0 0.249479 0.932407 0.027083 0.072222
0 0.033333 0.611111 0.039583 0.035185
0 0.528125 0.355093 0.012500 0.045370
0 0.318750 0.296296 0.031250 0.027778
0 0.225000 0.624074 0.044792 0.068519
0 0.258854 0.313889 0.029167 0.044444
0 0.937760 0.905093 0.021354 0.063889
0 0.871875 0.880556 0.017708 0.051852
0 0.449479 0.226852 0.022917 0.038889
0 0.696354 0.903704 0.030208 0.037037
0 0.545312 0.043056 0.038542 0.063889
0 0.740625 0.932407 0.022917 0.075926
0 0.276302 0.715278 0.018229 0.052778
0 0.503906 0.830093 0.029687 0.036111
0 0.413281 0.506944 0.027604 0.041667
0 0.526302 0.531019 0.027604 0.041667
0 0.884635 0.467130 0.024479 0.045370
0 0.163281 0.168519 0.027604 0.081481
0 0.737760 0.647685 0.023438 0.034259
0 0.472656 0.917593 0.029687 0.040741
0 0.559115 0.711111 0.041146 0.033333
0 0.121354 0.767130 0.018750 0.062037
0 0.538802 0.062500 0.035937 0.047222
0 0.311458 0.388889 0.023958 0.022222
0 0.472135 0.743981 0.021354 0.028704
0 0.745052 0.307870 0.018229 0.049074
0 0.560937 0.593056 0.013542 0.034259
