0 0.508318 0.864241 0.059344 0.065519
0 0.062320 0.330972 0.032974 0.039722
0 0.183005 0.686639 0.021219 0.065870
0 0.127411 0.809361 0.048573 0.042796
0 0.369560 0.159856 0.043286 0.036380
0 0.708570 0.017685 0.033807 0.035370
0 0.938352 0.435407 0.016286 0.059704
0 0.966992 0.683287 0.021484 0.061019
0 0.802247 0.842009 0.036786 0.039574
0 0.666552 0.779713 0.000812 0.002019
0 0.500401 0.522792 0.014423 0.066952
0 0.329327 0.389601 0.031250 0.042735
0 0.352965 0.428775 0.027244 0.058405
0 0.384215 0.342593 0.054487 0.102564
0 0.604567 0.089031 0.033654 0.034188
0 0.692308 0.289886 0.021635 0.048433
0 0.243990 0.829060 0.014423 0.027066
0 0.215144 0.354701 0.025641 0.072650
0 0.160657 0.163105 0.030449 0.028490
0 0.715545 0.381054 0.055288 0.051282
0 0.827724 0.189459 0.029647 0.038462
0 0.467949 0.245014 0.015224 0.064103
0 0.449920 0.888177 0.019231 0.068376
0 0.223558 0.125356 0.026442 0.064103
0 0.019231 0.027778 0.015224 0.054131
