0 0.989706 0.335938 0.020588 0.037109
0 0.755515 0.984863 0.021324 0.028320
0 0.383824 0.750488 0.014706 0.032227
0 0.645956 0.750977 0.022794 0.041016
0 0.988603 0.183105 0.022794 0.028320
0 0.911029 0.810059 0.033824 0.034180
0 0.983824 0.719727 0.020588 0.029297
0 0.931618 0.314941 0.023529 0.059570
0 0.387132 0.571777 0.031618 0.036133
0 0.346324 0.021484 0.025000 0.039062
0 0.866176 0.981934 0.035294 0.030273
0 0.537132 0.073730 0.027206 0.045898
0 0.868750 0.901855 0.028676 0.045898
0 0.489706 0.822266 0.039706 0.037109
0 0.403676 0.108398 0.025000 0.035156
0 0.405882 0.886230 0.047059 0.041992
0 0.024265 0.668945 0.020588 0.035156
0 0.809191 0.247559 0.055147 0.075195
0 0.610662 0.816895 0.022794 0.038086
0 0.122794 0.462891 0.064706 0.052734
0 0.070956 0.609863 0.050735 0.030273
0 0.363971 0.707520 0.020588 0.049805
0 0.124265 0.360352 0.033824 0.056641
0 0.509191 0.217773 0.040441 0.052734
0 0.423529 0.976562 0.026471 0.039062
0 0.252941 0.600098 0.023529 0.055664
0 0.471691 0.306641 0.019853 0.041016
0 0.249632 0.768066 0.030147 0.026367
0 0.170956 0.149902 0.028676 0.071289
0 0.233088 0.099609 0.035294 0.078125
0 0.872426 0.486816 0.046324 0.055664
0 0.948529 0.660156 0.026471 0.054688
0 0.677206 0.145020 0.023529 0.051758
0 0.806250 0.108398 0.034559 0.042969
0 0.501103 0.907227 0.061029 0.052734
0 0.284926 0.493652 0.030147 0.067383
0 0.052941 0.099609 0.030882 0.039062
0 0.103676 0.484863 0.038235 0.055664
