0 0.369875 0.235371 0.017528 0.049950
0 0.357590 0.301114 0.026292 0.032921
0 0.442153 0.240173 0.017639 0.059554
0 0.173632 0.653899 0.041708 0.045421
0 0.120701 0.589257 0.024736 0.054752
0 0.046021 0.766733 0.022597 0.058218
0 0.426229 0.481448 0.024681 0.037153
0 0.646146 0.835755 0.036736 0.037847
0 0.526007 0.725347 0.015903 0.044752
0 0.733785 0.639196 0.012014 0.085322
0 0.891479 0.896770 0.016292 0.055916
0 0.968160 0.855780 0.027986 0.023441
0 0.865736 0.467834 0.014806 0.049530
0 0.931806 0.146324 0.021944 0.069876
0 0.730840 0.094542 0.014458 0.055421
0 0.653097 0.397116 0.020083 0.026906
0 0.093486 0.924406 0.034194 0.036931
0 0.775056 0.472116 0.036222 0.028391
0 0.671368 0.492995 0.034403 0.035495
0 0.471708 0.044864 0.032306 0.040223
0 0.815741 0.818207 0.014198 0.072607
