0 0.012777 0.076710 0.025553 0.057717
0 0.339246 0.375176 0.035846 0.027695
0 0.426978 0.418862 0.036309 0.040850
0 0.442669 0.641377 0.039750 0.034707
0 0.230610 0.544209 0.025926 0.043496
0 0.198311 0.953785 0.028774 0.045457
0 0.730721 0.952041 0.036441 0.025176
0 0.189125 0.011558 0.038544 0.023115
0 0.396294 0.551904 0.024941 0.053027
0 0.634507 0.283130 0.026368 0.044775
0 0.945305 0.836631 0.024434 0.050215
0 0.516401 0.851611 0.029860 0.062598
0 0.525596 0.791245 0.020309 0.033662
0 0.510511 0.639927 0.023963 0.037666
0 0.783798 0.770649 0.024949 0.062783
0 0.255816 0.016045 0.021926 0.032090
0 0.863007 0.901862 0.033140 0.030260
0 0.474458 0.320107 0.037152 0.025699
0 0.264706 0.834601 0.035604 0.026727
0 0.624226 0.885485 0.041022 0.021587
