0 0.577859 0.017593 0.060927 0.035185
0 0.599089 0.055889 0.036719 0.026593
0 0.636157 0.241829 0.016706 0.057731
0 0.629407 0.362536 0.027244 0.079772
0 0.772837 0.482906 0.054487 0.055556
0 0.863602 0.819765 0.036418 0.048504
0 0.895032 0.686610 0.060096 0.086895
0 0.888221 0.711538 0.022436 0.051282
0 0.609898 0.785977 0.022922 0.066398
0 0.502979 0.708407 0.046583 0.081630
0 0.202010 0.736653 0.043604 0.038120
0 0.308026 0.156616 0.038969 0.057676
0 0.242109 0.136245 0.019635 0.091009
0 0.128586 0.203856 0.021755 0.078083
0 0.151620 0.354917 0.046990 0.091315
0 0.044055 0.474074 0.017276 0.057407
0 0.388961 0.221579 0.034722 0.023148
0 0.613782 0.496439 0.042468 0.045584
0 0.760016 0.274217 0.048077 0.062678
0 0.612179 0.640313 0.047276 0.042735
0 0.377804 0.294872 0.032051 0.029915
0 0.066506 0.356838 0.032853 0.042735
0 0.087340 0.257123 0.039263 0.062678
0 0.550481 0.264245 0.039263 0.037037
0 0.257212 0.746439 0.055288 0.035613
0 0.959535 0.155983 0.036859 0.054131
0 0.507612 0.510684 0.027244 0.031339
0 0.652244 0.747863 0.018429 0.032764
0 0.084936 0.468661 0.037660 0.041311
0 0.466346 0.081909 0.018429 0.037037
