0 0.986979 0.554630 0.026042 0.031481
0 0.988281 0.517130 0.022396 0.075000
0 0.498958 0.474074 0.045833 0.031481
0 0.369010 0.341667 0.035937 0.027778
0 0.630729 0.016667 0.039583 0.033333
0 0.845833 0.731481 0.023958 0.066667
0 0.711458 0.579630 0.048958 0.042593
0 0.521354 0.518519 0.050000 0.051852
0 0.547656 0.224074 0.043229 0.059259
0 0.664062 0.801852 0.018750 0.077778
0 0.215104 0.803241 0.036458 0.073148
0 0.776563 0.287963 0.044792 0.033333
0 0.488802 0.519907 0.033854 0.067593
