0 0.382841 0.118644 0.033391 0.055806
0 0.601174 0.301801 0.032557 0.048046
0 0.649724 0.602819 0.041115 0.057491
0 0.677227 0.765139 0.026328 0.071019
0 0.664828 0.845278 0.019240 0.088704
0 0.814932 0.827190 0.040281 0.065491
0 0.372294 0.294620 0.050839 0.055907
0 0.526568 0.451852 0.018760 0.105556
0 0.527479 0.821898 0.027875 0.038241
0 0.441510 0.799866 0.045521 0.038620
0 0.132753 0.707019 0.019672 0.069593
0 0.498292 0.870259 0.024708 0.049778
0 0.968034 0.190889 0.033984 0.052148
0 0.578901 0.125125 0.058844 0.050250
0 0.290539 0.151060 0.022745 0.065083
0 0.039663 0.631766 0.027244 0.068376
0 0.879808 0.378205 0.029647 0.051282
0 0.983574 0.470085 0.027244 0.032764
0 0.399439 0.445869 0.036859 0.049858
0 0.410657 0.115385 0.020833 0.081197
0 0.425080 0.086895 0.022436 0.044160
0 0.236378 0.200142 0.023237 0.059829
0 0.266827 0.227920 0.016827 0.066952
0 0.153846 0.886752 0.020032 0.085470
0 0.547676 0.250000 0.028846 0.037037
0 0.500401 0.366809 0.028846 0.074074
0 0.900641 0.741453 0.023237 0.065527
