0 0.609583 0.205917 0.032708 0.063685
0 0.546016 0.271829 0.036823 0.039954
0 0.561750 0.395537 0.017250 0.085519
0 0.529836 0.511894 0.034672 0.060824
0 0.491430 0.499611 0.032859 0.069593
0 0.382302 0.502213 0.062521 0.022944
0 0.469755 0.058713 0.028052 0.028537
0 0.351685 0.186042 0.027328 0.053565
0 0.304862 0.146435 0.017016 0.072500
0 0.265854 0.329389 0.022333 0.051370
0 0.272948 0.380111 0.034438 0.036148
0 0.844305 0.463806 0.039651 0.031315
0 0.888977 0.798676 0.021703 0.067722
0 0.811068 0.852935 0.023177 0.059574
0 0.796984 0.877972 0.020010 0.072611
0 0.706000 0.824130 0.027625 0.020481
0 0.671042 0.810014 0.042083 0.075583
0 0.628805 0.939454 0.023234 0.071500
0 0.534242 0.962495 0.020568 0.074991
0 0.516146 0.955556 0.016667 0.088889
0 0.433688 0.880440 0.041333 0.036806
0 0.112102 0.732574 0.024203 0.050333
0 0.188128 0.457801 0.027297 0.035972
0 0.968083 0.271940 0.042417 0.032769
0 0.983479 0.478398 0.032583 0.029019
0 0.074119 0.719373 0.036859 0.027066
0 0.030849 0.744302 0.048077 0.059829
0 0.206731 0.029915 0.020032 0.055556
0 0.543269 0.628917 0.013622 0.065527
