0 0.239583 0.832407 0.031250 0.038889
0 0.488802 0.505556 0.031771 0.062963
0 0.638281 0.029167 0.027604 0.039815
0 0.228906 0.780093 0.029687 0.073148
0 0.167187 0.028704 0.034375 0.048148
0 0.982812 0.529630 0.034375 0.040741
0 0.205729 0.806019 0.031250 0.102778
0 0.507812 0.500926 0.038542 0.070370
0 0.550781 0.211111 0.023438 0.070370
0 0.765885 0.285185 0.023438 0.057407
0 0.879427 0.703704 0.032813 0.081481
0 0.524479 0.214815 0.032292 0.066667
0 0.709115 0.579630 0.038021 0.057407
