0 0.402206 0.077148 0.025000 0.035156
0 0.633456 0.138184 0.018382 0.036133
0 0.551103 0.241699 0.031618 0.047852
0 0.106985 0.372070 0.030147 0.023438
0 0.436765 0.408691 0.023529 0.047852
0 0.768382 0.615723 0.027941 0.030273
0 0.501103 0.984863 0.030147 0.028320
0 0.796324 0.134277 0.023529 0.045898
0 0.799632 0.978027 0.033088 0.032227
0 0.635662 0.670898 0.028676 0.033203
0 0.710294 0.141113 0.032353 0.026367
0 0.845956 0.064941 0.027206 0.030273
0 0.664338 0.585938 0.021324 0.033203
0 0.671691 0.681152 0.053676 0.045898
0 0.427206 0.865234 0.027941 0.039062
0 0.026471 0.172852 0.035294 0.041016
0 0.071691 0.687988 0.036029 0.045898
0 0.781250 0.478516 0.034559 0.027344
0 0.990441 0.148438 0.019118 0.031250
0 0.058088 0.478516 0.035294 0.064453
0 0.327574 0.388184 0.030147 0.028320
0 0.543750 0.209473 0.038971 0.065430
0 0.591544 0.016602 0.036029 0.029297
0 0.594485 0.082520 0.027206 0.041992
0 0.333824 0.016602 0.023529 0.035156
0 0.648897 0.270020 0.033088 0.041992
0 0.616912 0.872559 0.038235 0.032227
0 0.042279 0.545898 0.027206 0.048828
0 0.479044 0.344727 0.025735 0.039062
0 0.340074 0.818848 0.022794 0.055664
0 0.191176 0.580566 0.019118 0.041992
0 0.851103 0.177734 0.022794 0.058594
0 0.453676 0.520020 0.036765 0.041992
0 0.680515 0.806641 0.036029 0.033203
