0 0.940435 0.502093 0.020453 0.063444
0 0.935602 0.398356 0.051411 0.041157
0 0.908333 0.965741 0.032292 0.068519
0 0.772883 0.910551 0.021807 0.065546
0 0.406534 0.699144 0.033901 0.046435
0 0.522271 0.412014 0.027875 0.025880
0 0.923099 0.032736 0.045156 0.054361
0 0.408573 0.961245 0.034854 0.078046
0 0.512420 0.438746 0.030449 0.044160
0 0.923077 0.185897 0.021635 0.056980
0 0.650641 0.497863 0.034455 0.037037
0 0.361779 0.524217 0.025641 0.066952
0 0.179888 0.897436 0.020833 0.061254
0 0.067308 0.826923 0.016827 0.051282
0 0.197917 0.220798 0.015224 0.052707
0 0.132212 0.131054 0.024840 0.047009
0 0.356571 0.146724 0.020032 0.055556
0 0.782853 0.587607 0.026442 0.037037
0 0.454728 0.747863 0.016026 0.058405
0 0.214744 0.495726 0.020032 0.058405
0 0.132612 0.519231 0.022436 0.034188
0 0.265224 0.417379 0.018429 0.052707
