0 0.823611 0.871287 0.033333 0.049505
0 0.278472 0.113861 0.020833 0.069307
0 0.672222 0.626238 0.033333 0.029703
0 0.028472 0.636139 0.040278 0.039604
0 0.575000 0.462871 0.033333 0.054455
0 0.917361 0.870050 0.018056 0.066832
0 0.092361 0.063119 0.043056 0.051980
0 0.131250 0.121287 0.031944 0.049505
0 0.148611 0.949257 0.033333 0.056931
0 0.168056 0.556931 0.038889 0.044554
0 0.243750 0.529703 0.031944 0.054455
0 0.781944 0.971535 0.036111 0.051980
0 0.446528 0.444307 0.065278 0.047030
0 0.486111 0.414604 0.052778 0.071782
