0 0.916544 0.938477 0.025735 0.027344
0 0.379779 0.083984 0.012500 0.031250
0 0.300735 0.013184 0.016176 0.028320
0 0.908456 0.849609 0.031618 0.021484
0 0.418015 0.910156 0.030147 0.023438
0 0.260294 0.646484 0.019118 0.042969
0 0.677574 0.596191 0.027206 0.028320
0 0.673162 0.931641 0.033088 0.021484
0 0.781618 0.377441 0.020588 0.041992
0 0.439706 0.806152 0.029412 0.043945
0 0.767647 0.952148 0.014706 0.035156
0 0.557353 0.570312 0.020588 0.039062
0 0.086397 0.821777 0.027206 0.036133
0 0.844118 0.528320 0.023529 0.046875
0 0.243382 0.023438 0.022059 0.033203
0 0.268015 0.032227 0.028676 0.027344
0 0.801471 0.653320 0.023529 0.042969
