0 0.398228 0.551282 0.032680 0.043403
0 0.371625 0.491244 0.007956 0.033270
0 0.429022 0.419404 0.028909 0.035056
0 0.442298 0.642222 0.036066 0.034443
0 0.517889 0.847226 0.019602 0.067500
0 0.525176 0.789163 0.020111 0.033387
0 0.199007 0.951923 0.025138 0.046741
0 0.338524 0.378088 0.036450 0.027544
0 0.946630 0.840512 0.020887 0.050949
0 0.729968 0.951877 0.037877 0.026801
0 0.014348 0.077340 0.028695 0.053118
0 0.228544 0.542935 0.018854 0.046741
0 0.636022 0.275947 0.017632 0.055801
0 0.188912 0.009766 0.036647 0.019531
0 0.474271 0.314236 0.032680 0.018363
0 0.266641 0.833059 0.037926 0.027755
