0 0.645833 0.697685 0.017708 0.043519
0 0.265885 0.928704 0.032813 0.037037
0 0.361979 0.537037 0.017708 0.042593
0 0.464583 0.503241 0.026042 0.047222
0 0.545833 0.836111 0.021875 0.059259
0 0.358073 0.038426 0.019271 0.063889
0 0.435156 0.584722 0.020313 0.052778
0 0.284635 0.576852 0.030729 0.038889
0 0.841927 0.729167 0.031771 0.041667
0 0.019010 0.589352 0.035937 0.037963
0 0.933333 0.082870 0.036458 0.047222
0 0.416406 0.133796 0.016146 0.056481
0 0.654948 0.449537 0.019271 0.067593
0 0.640885 0.933333 0.024479 0.085185
0 0.471875 0.618981 0.021875 0.067593
0 0.415885 0.582870 0.023438 0.063889
0 0.672656 0.201389 0.026562 0.050926
0 0.870052 0.204630 0.023438 0.055556
0 0.746354 0.585648 0.044792 0.034259
0 0.564063 0.693056 0.013542 0.062037
0 0.883854 0.568981 0.036458 0.069444
0 0.425781 0.799074 0.042188 0.031481
0 0.678906 0.052315 0.021354 0.078704
0 0.390885 0.479630 0.017188 0.072222
0 0.505729 0.984259 0.052083 0.031481
