0 0.509253 0.109389 0.033089 0.092852
0 0.582680 0.143421 0.034109 0.064620
0 0.638529 0.087148 0.044766 0.029852
0 0.738643 0.036213 0.038745 0.057611
0 0.763310 0.112167 0.023495 0.076185
0 0.821964 0.160093 0.038719 0.059074
0 0.983747 0.165880 0.032078 0.057685
0 0.197323 0.735727 0.044646 0.052935
0 0.377500 0.637782 0.071667 0.047787
0 0.474232 0.599352 0.033880 0.109815
0 0.572003 0.360852 0.017964 0.086519
0 0.666260 0.301806 0.018979 0.101759
0 0.671987 0.407625 0.020016 0.078213
0 0.664724 0.467375 0.061740 0.042157
0 0.620823 0.587074 0.040604 0.079704
0 0.928305 0.501856 0.097234 0.038898
0 0.894086 0.539375 0.042339 0.069491
0 0.888880 0.720917 0.021510 0.097389
0 0.709263 0.634546 0.029984 0.106130
0 0.173891 0.188106 0.039448 0.046583
0 0.259974 0.230722 0.017865 0.094778
0 0.217779 0.047333 0.029307 0.094667
0 0.255417 0.533356 0.019167 0.101898
0 0.325997 0.548870 0.060328 0.073667
0 0.321701 0.680153 0.045484 0.036231
0 0.409865 0.732255 0.059312 0.051546
0 0.353997 0.830926 0.053828 0.034074
0 0.617698 0.689185 0.055188 0.048741
0 0.697375 0.735968 0.016625 0.096009
0 0.669383 0.756806 0.035641 0.109907
0 0.604039 0.823958 0.021620 0.105324
0 0.734529 0.815157 0.015932 0.096981
0 0.799310 0.779259 0.050703 0.065926
0 0.213464 0.796625 0.066510 0.041398
0 0.348638 0.931232 0.074359 0.079131
0 0.290966 0.124435 0.044432 0.072944
0 0.499359 0.203162 0.013302 0.063731
0 0.516005 0.200560 0.020552 0.052972
0 0.254109 0.374273 0.068635 0.048546
0 0.184432 0.478009 0.053240 0.052315
0 0.143034 0.656306 0.038151 0.066315
0 0.491417 0.535440 0.026583 0.074583
0 0.524599 0.656773 0.039823 0.076509
0 0.465380 0.679356 0.016177 0.082787
0 0.796706 0.525245 0.055911 0.054194
0 0.968417 0.444667 0.058708 0.041185
0 0.821000 0.316861 0.020125 0.118907
0 0.756867 0.398356 0.054359 0.041157
0 0.350555 0.245542 0.041734 0.124417
0 0.390260 0.152912 0.050313 0.050269
0 0.078526 0.056980 0.053686 0.095442
0 0.066106 0.054131 0.027244 0.089744
0 0.029247 0.160256 0.046474 0.034188
0 0.110176 0.153846 0.019231 0.089744
0 0.012220 0.323569 0.024439 0.061667
0 0.025641 0.351140 0.026442 0.062678
0 0.066506 0.407407 0.020032 0.089744
0 0.075321 0.389601 0.047276 0.056980
0 0.112179 0.330484 0.047276 0.066952
0 0.029247 0.440171 0.041667 0.058405
0 0.066506 0.479345 0.040865 0.082621
0 0.024439 0.506410 0.048077 0.054131
0 0.062099 0.641738 0.030449 0.056980
0 0.068109 0.855413 0.061699 0.048433
0 0.017428 0.872904 0.034856 0.054924
0 0.072917 0.908120 0.034455 0.085470
0 0.180288 0.779915 0.032853 0.074074
0 0.120192 0.755698 0.028045 0.056980
0 0.106170 0.741453 0.040064 0.045584
0 0.120192 0.675214 0.037660 0.049858
0 0.145433 0.559829 0.036859 0.035613
0 0.142628 0.527066 0.036058 0.069801
0 0.217548 0.641026 0.044872 0.049858
0 0.232372 0.696581 0.034455 0.086895
0 0.244792 0.686610 0.059295 0.089744
0 0.263221 0.612536 0.035256 0.047009
0 0.306490 0.662393 0.057692 0.058405
0 0.282051 0.533476 0.037660 0.048433
0 0.298478 0.452991 0.038462 0.052707
0 0.126202 0.445869 0.067308 0.064103
0 0.164663 0.339031 0.048077 0.103989
0 0.192308 0.338319 0.122596 0.088319
0 0.225561 0.427350 0.131410 0.138177
0 0.187099 0.289174 0.035256 0.081197
0 0.116587 0.252849 0.041667 0.039886
0 0.218750 0.216524 0.042468 0.061254
0 0.211138 0.248575 0.052885 0.048433
0 0.218349 0.292735 0.016026 0.065527
0 0.166667 0.059829 0.060096 0.058405
0 0.165865 0.031339 0.036058 0.041311
0 0.169872 0.027066 0.024840 0.052707
0 0.134215 0.077635 0.056090 0.037037
0 0.130208 0.032764 0.027244 0.061254
0 0.261218 0.039174 0.052083 0.048433
0 0.265625 0.055556 0.033654 0.103989
0 0.254808 0.169516 0.061699 0.032764
0 0.296875 0.218661 0.048077 0.076923
0 0.330529 0.235043 0.041667 0.072650
0 0.330929 0.176638 0.034455 0.061254
0 0.350962 0.152422 0.032853 0.047009
0 0.387019 0.393162 0.042468 0.032764
0 0.413462 0.349003 0.045673 0.021368
0 0.385817 0.532764 0.040064 0.092593
0 0.408253 0.455128 0.025641 0.056980
0 0.462340 0.404558 0.039263 0.064103
0 0.483173 0.460826 0.037660 0.025641
0 0.523237 0.377493 0.039263 0.084046
0 0.572516 0.418803 0.035256 0.072650
0 0.618590 0.462251 0.050481 0.051282
0 0.644631 0.137464 0.020833 0.062678
0 0.651042 0.186610 0.057692 0.041311
0 0.622997 0.230057 0.030449 0.039886
0 0.556490 0.203704 0.025641 0.081197
0 0.592949 0.213675 0.080929 0.041311
0 0.598558 0.231481 0.045673 0.059829
0 0.690705 0.400997 0.039263 0.085470
0 0.669071 0.499288 0.016827 0.065527
0 0.631410 0.582621 0.044071 0.072650
0 0.451923 0.767806 0.015224 0.069801
0 0.416667 0.677350 0.032853 0.054131
0 0.412260 0.765670 0.046474 0.091168
0 0.412660 0.816952 0.036058 0.085470
0 0.342548 0.758547 0.054487 0.102564
0 0.263221 0.769943 0.038462 0.042735
0 0.237981 0.821937 0.087340 0.081197
0 0.268029 0.887464 0.040064 0.101140
0 0.530048 0.887464 0.046474 0.035613
0 0.599607 0.942913 0.047771 0.112322
0 0.584535 0.854701 0.022436 0.072650
0 0.182685 0.955021 0.045687 0.088105
0 0.137821 0.958689 0.052083 0.029915
0 0.447414 0.963568 0.025846 0.071011
0 0.476763 0.971510 0.031250 0.047009
0 0.556891 0.515670 0.037660 0.044160
0 0.588942 0.542735 0.036058 0.064103
0 0.512821 0.549145 0.029647 0.059829
0 0.548878 0.596154 0.037660 0.042735
0 0.618990 0.773504 0.028846 0.044160
0 0.401042 0.129630 0.036859 0.041311
0 0.356170 0.039174 0.027244 0.074074
0 0.331731 0.022080 0.028045 0.037037
0 0.429487 0.089744 0.037660 0.044160
0 0.450721 0.080484 0.022436 0.039886
0 0.526442 0.086895 0.028045 0.089744
0 0.688301 0.655271 0.034455 0.092593
0 0.716346 0.912393 0.036058 0.105413
0 0.706147 0.953597 0.023672 0.090954
0 0.646234 0.902422 0.017628 0.096866
0 0.648237 0.955840 0.052083 0.041311
0 0.804087 0.408832 0.030449 0.072650
0 0.774439 0.456553 0.041667 0.068376
0 0.737580 0.480769 0.027244 0.056980
0 0.832131 0.596154 0.046474 0.028490
0 0.773638 0.644587 0.035256 0.128205
0 0.752003 0.653134 0.041667 0.051282
0 0.796074 0.639601 0.046474 0.029915
0 0.801683 0.714387 0.051282 0.056980
0 0.829728 0.712251 0.027244 0.069801
0 0.862580 0.739316 0.035256 0.072650
0 0.852564 0.797721 0.074519 0.029915
0 0.837340 0.848291 0.037660 0.076923
0 0.886619 0.903846 0.092949 0.105413
0 0.810096 0.955128 0.026442 0.062678
0 0.794071 0.962963 0.021635 0.069801
0 0.767628 0.902422 0.020032 0.074074
0 0.802885 0.195157 0.042468 0.072650
0 0.851763 0.225783 0.040865 0.042735
0 0.882612 0.183761 0.057692 0.035613
0 0.852564 0.122507 0.037660 0.035613
0 0.902244 0.045584 0.096955 0.066952
0 0.918269 0.109687 0.039263 0.112536
0 0.933093 0.118234 0.040064 0.061254
0 0.953926 0.155983 0.076923 0.051282
0 0.760016 0.219373 0.046474 0.089744
0 0.760417 0.289886 0.032853 0.068376
0 0.734375 0.301282 0.027244 0.068376
0 0.706330 0.242165 0.020833 0.072650
0 0.638622 0.031339 0.036058 0.055556
0 0.596554 0.042735 0.052885 0.066952
0 0.444311 0.169516 0.046474 0.049858
0 0.834535 0.428775 0.044872 0.044160
0 0.869391 0.571937 0.060096 0.096866
0 0.903045 0.673789 0.053686 0.064103
0 0.917067 0.646011 0.027244 0.051282
0 0.954327 0.746439 0.048878 0.066952
0 0.929487 0.769943 0.031250 0.094017
0 0.948317 0.674501 0.033654 0.079772
0 0.889423 0.394587 0.028045 0.058405
0 0.891827 0.435897 0.036058 0.038462
0 0.952324 0.392450 0.030449 0.059829
0 0.947917 0.325499 0.061699 0.096866
0 0.933894 0.222934 0.027244 0.045584
0 0.977504 0.282409 0.043950 0.061968
0 0.385016 0.044872 0.038462 0.039886
0 0.707532 0.787749 0.026442 0.069801
0 0.981571 0.933048 0.031250 0.064103
0 0.973157 0.074786 0.024038 0.125356
0 0.231170 0.542023 0.030449 0.102564
