0 0.304708 0.886324 0.042750 0.074629
0 0.678549 0.581522 0.026542 0.044233
0 0.750778 0.512215 0.026556 0.044233
0 0.931896 0.146176 0.030458 0.109183
0 0.436514 0.221114 0.039694 0.051139
0 0.186576 0.508750 0.048153 0.037302
0 0.418979 0.476634 0.029625 0.062178
0 0.463660 0.520507 0.027319 0.060817
0 0.819264 0.687327 0.041306 0.067723
0 0.571021 0.781720 0.042042 0.038688
0 0.655792 0.758243 0.056028 0.051139
0 0.140208 0.237314 0.041528 0.029084
0 0.060083 0.786287 0.017389 0.032970
0 0.485694 0.932240 0.032500 0.017946
0 0.965500 0.452364 0.019889 0.058193
0 0.888222 0.895000 0.026444 0.052376
