0 0.417278 0.081236 0.042089 0.052786
0 0.586458 0.388171 0.020833 0.048565
0 0.802375 0.595639 0.063083 0.056093
0 0.752630 0.682019 0.032344 0.121444
0 0.324958 0.174681 0.033250 0.056769
0 0.375419 0.358296 0.034172 0.038815
0 0.434914 0.722764 0.040661 0.056639
0 0.525135 0.785278 0.036729 0.040926
0 0.687776 0.909625 0.031802 0.054435
0 0.828081 0.259889 0.045745 0.042000
0 0.754808 0.335470 0.026442 0.068376
0 0.809696 0.641026 0.030449 0.055556
0 0.322115 0.782764 0.021635 0.062678
0 0.187500 0.556980 0.029647 0.027066
0 0.142228 0.506410 0.030449 0.062678
0 0.165064 0.408120 0.029647 0.122507
0 0.568910 0.467949 0.037660 0.034188
0 0.771234 0.044872 0.033654 0.025641
0 0.215946 0.166667 0.032051 0.035613
0 0.112179 0.174501 0.036058 0.091168
0 0.450321 0.588319 0.023237 0.029915
0 0.419071 0.649573 0.040865 0.041311
0 0.862981 0.835470 0.037660 0.062678
0 0.074920 0.554843 0.024038 0.062678
0 0.308894 0.257835 0.035256 0.072650
0 0.421074 0.490028 0.033654 0.038462
