0 0.928472 0.448020 0.018056 0.054455
0 0.625000 0.196782 0.033333 0.051980
0 0.148611 0.926980 0.047222 0.042079
0 0.650000 0.409653 0.019444 0.051980
0 0.783333 0.033416 0.025000 0.071782
0 0.532639 0.289604 0.029167 0.044554
0 0.236111 0.144802 0.044444 0.051980
0 0.346528 0.551980 0.026389 0.034653
0 0.212500 0.426980 0.025000 0.032178
0 0.684722 0.615099 0.022222 0.042079
0 0.986111 0.480198 0.027778 0.044554
0 0.309722 0.404703 0.022222 0.061881
0 0.623611 0.599010 0.022222 0.054455
0 0.777083 0.629950 0.029167 0.076733
0 0.722222 0.290842 0.019444 0.051980
0 0.377083 0.266089 0.040278 0.037129
0 0.582639 0.259901 0.020833 0.064356
0 0.690972 0.721535 0.020833 0.051980
