0 0.620448 0.875819 0.035687 0.079417
0 0.653526 0.150829 0.037260 0.059065
0 0.897862 0.656773 0.032182 0.095028
0 0.236771 0.940884 0.017292 0.066954
0 0.190039 0.240204 0.040495 0.043370
0 0.308242 0.128602 0.037318 0.072019
0 0.939898 0.942500 0.035005 0.046111
0 0.620081 0.530864 0.019531 0.065586
0 0.709135 0.364672 0.032853 0.044160
0 0.201522 0.806268 0.035256 0.072650
0 0.556490 0.163818 0.099359 0.103989
0 0.768830 0.137464 0.060897 0.054131
0 0.636218 0.595442 0.052083 0.066952
0 0.586138 0.836895 0.084936 0.065527
0 0.968750 0.948006 0.016827 0.091168
