0 0.345956 0.905273 0.090441 0.042969
0 0.927574 0.047363 0.074265 0.096680
0 0.913235 0.035645 0.033824 0.067383
0 0.561765 0.924316 0.030882 0.041992
0 0.968382 0.062988 0.041176 0.079102
0 0.940809 0.032227 0.036029 0.050781
0 0.035662 0.707520 0.053676 0.036133
0 0.464338 0.012695 0.050735 0.027344
0 0.137132 0.058105 0.024265 0.053711
0 0.739706 0.337402 0.066176 0.043945
0 0.176103 0.096191 0.041912 0.059570
0 0.897794 0.601562 0.041176 0.060547
0 0.756985 0.370605 0.038971 0.075195
0 0.442279 0.639648 0.036029 0.066406
0 0.228676 0.627441 0.035294 0.041992
0 0.806250 0.172852 0.033088 0.050781
0 0.353676 0.708984 0.051471 0.054688
0 0.387132 0.785645 0.021324 0.067383
0 0.543382 0.958984 0.045588 0.082031
0 0.475735 0.589355 0.067647 0.040039
0 0.172794 0.550781 0.054412 0.044922
0 0.593750 0.742188 0.049265 0.046875
