0 0.836979 0.397685 0.015625 0.032407
0 0.418229 0.033796 0.014583 0.045370
0 0.993229 0.837037 0.012500 0.057407
0 0.150260 0.577778 0.027604 0.033333
0 0.335677 0.086574 0.018229 0.045370
0 0.013281 0.669444 0.026562 0.029630
0 0.427604 0.812963 0.018750 0.057407
0 0.271875 0.188889 0.037500 0.031481
0 0.719010 0.487500 0.017188 0.045370
0 0.884375 0.090741 0.022917 0.053704
0 0.493229 0.406019 0.026042 0.039815
0 0.321354 0.785648 0.019792 0.050926
0 0.817708 0.603704 0.053125 0.048148
0 0.530729 0.523148 0.018750 0.048148
0 0.422656 0.463889 0.015104 0.061111
0 0.322656 0.200463 0.023438 0.043519
0 0.753125 0.598611 0.041667 0.047222
0 0.702604 0.856481 0.023958 0.074074
0 0.215104 0.506944 0.035417 0.037963
0 0.604427 0.875926 0.027604 0.070370
0 0.447135 0.752778 0.022396 0.068519
0 0.355729 0.116204 0.023958 0.054630
0 0.088281 0.827315 0.026562 0.045370
0 0.816406 0.834722 0.027604 0.030556
0 0.347656 0.735185 0.035937 0.029630
