0 0.227083 0.870050 0.023611 0.061881
0 0.022222 0.430693 0.036111 0.074257
0 0.064583 0.076733 0.031944 0.049505
0 0.247222 0.676980 0.036111 0.032178
0 0.088889 0.029703 0.038889 0.059406
0 0.215972 0.827970 0.029167 0.061881
0 0.890972 0.827970 0.015278 0.066832
0 0.548611 0.423267 0.019444 0.059406
0 0.833333 0.055693 0.038889 0.047030
0 0.167361 0.561881 0.040278 0.039604
0 0.783333 0.966584 0.030556 0.047030
0 0.670139 0.623762 0.031944 0.029703
0 0.822222 0.866337 0.033333 0.054455
0 0.400000 0.289604 0.041667 0.074257
0 0.486111 0.334158 0.047222 0.084158
0 0.134722 0.943069 0.036111 0.059406
0 0.486111 0.403465 0.044444 0.064356
