0 0.933410 0.855804 0.030708 0.028441
0 0.534201 0.861027 0.018403 0.038886
0 0.549757 0.831101 0.027292 0.038441
0 0.326153 0.819455 0.030083 0.039901
0 0.198458 0.744381 0.027472 0.058069
0 0.124924 0.693193 0.030403 0.039851
0 0.763931 0.688354 0.033417 0.035124
0 0.550146 0.564171 0.019736 0.063985
0 0.600167 0.748552 0.030889 0.056510
0 0.594708 0.705755 0.017194 0.055074
0 0.404951 0.472933 0.021014 0.064678
0 0.276361 0.208366 0.024944 0.040495
0 0.864674 0.751683 0.012681 0.047921
