0 0.804044 0.978516 0.031618 0.031250
0 0.802574 0.140137 0.028676 0.032227
0 0.441176 0.506348 0.017647 0.047852
0 0.037500 0.484863 0.026471 0.032227
0 0.452206 0.521484 0.035294 0.027344
0 0.776103 0.600098 0.036029 0.043945
0 0.852941 0.176270 0.016176 0.069336
0 0.102941 0.974609 0.026471 0.023438
0 0.986397 0.129395 0.021324 0.034180
0 0.558456 0.217773 0.025735 0.076172
0 0.848529 0.058105 0.025000 0.024414
0 0.677206 0.674316 0.020588 0.026367
0 0.632353 0.189941 0.036765 0.022461
0 0.647426 0.665527 0.031618 0.032227
0 0.533824 0.198730 0.027941 0.055664
0 0.587132 0.523438 0.022794 0.021484
0 0.669118 0.984863 0.020588 0.022461
0 0.327574 0.014648 0.012500 0.029297
0 0.441176 0.400391 0.038235 0.037109
0 0.668382 0.585938 0.029412 0.035156
0 0.631618 0.132812 0.020588 0.037109
0 0.061765 0.485352 0.020588 0.044922
0 0.038235 0.162109 0.023529 0.041016
0 0.782353 0.476562 0.032353 0.027344
0 0.560662 0.186523 0.022794 0.048828
0 0.683088 0.799316 0.026471 0.036133
0 0.078676 0.667480 0.026471 0.071289
0 0.333088 0.388184 0.027941 0.032227
0 0.635294 0.891113 0.030882 0.034180
0 0.042279 0.551270 0.028676 0.041992
0 0.719853 0.725098 0.032353 0.030273
0 0.431618 0.861816 0.030882 0.034180
0 0.652574 0.264648 0.028676 0.046875
0 0.488235 0.344238 0.023529 0.043945
0 0.338235 0.801270 0.026471 0.049805
0 0.578676 0.083984 0.033824 0.035156
0 0.188603 0.580566 0.028676 0.032227
0 0.692279 0.685059 0.030147 0.030273
