0 0.682253 0.490778 0.008255 0.038963
0 0.311440 0.753556 0.014547 0.020074
0 0.321188 0.726259 0.016333 0.039556
0 0.165667 0.855741 0.042792 0.018889
0 0.176828 0.877171 0.034906 0.026565
0 0.614466 0.931856 0.019557 0.037787
0 0.694013 0.212477 0.016151 0.047176
0 0.489099 0.186153 0.018823 0.053787
0 0.549406 0.179583 0.033188 0.029537
0 0.473154 0.315120 0.011932 0.033944
0 0.555180 0.646120 0.028068 0.044093
0 0.516711 0.595352 0.011547 0.027741
0 0.790492 0.707681 0.042443 0.013509
0 0.797578 0.684884 0.039948 0.023472
0 0.898172 0.815144 0.025510 0.037694
0 0.914768 0.810505 0.028495 0.046935
0 0.989760 0.936699 0.020146 0.069694
0 0.886555 0.947046 0.028318 0.044093
0 0.955721 0.205602 0.037484 0.033426
0 0.937185 0.171060 0.027495 0.029157
0 0.818971 0.226898 0.027526 0.033426
0 0.613750 0.152111 0.016042 0.032000
0 0.638844 0.391981 0.039146 0.056185
