0 0.990278 0.966584 0.016667 0.051980
0 0.900694 0.834158 0.015278 0.069307
0 0.025694 0.372525 0.037500 0.066832
0 0.072222 0.049505 0.030556 0.064356
0 0.561111 0.476485 0.030556 0.061881
0 0.192361 0.785891 0.045833 0.056931
0 0.673611 0.628713 0.030556 0.029703
0 0.827083 0.160891 0.026389 0.059406
0 0.154861 0.549505 0.026389 0.059406
0 0.782639 0.970297 0.029167 0.049505
0 0.481944 0.314356 0.041667 0.089109
0 0.390972 0.423267 0.048611 0.049505
0 0.820139 0.867574 0.031944 0.051980
0 0.134722 0.939356 0.033333 0.066832
0 0.490972 0.424505 0.065278 0.056931
