0 0.904861 0.842822 0.015278 0.071782
0 0.018750 0.379950 0.040278 0.037129
0 0.828472 0.143564 0.026389 0.089109
0 0.064583 0.051980 0.031944 0.074257
0 0.098611 0.048267 0.044444 0.081683
0 0.579861 0.500000 0.045833 0.039604
0 0.473611 0.345297 0.025000 0.091584
0 0.350000 0.440594 0.033333 0.034653
0 0.673611 0.627475 0.030556 0.032178
0 0.784722 0.965347 0.027778 0.049505
0 0.158333 0.539604 0.027778 0.064356
0 0.504861 0.413366 0.054167 0.054455
0 0.822222 0.867574 0.030556 0.051980
0 0.145139 0.940594 0.037500 0.059406
