0 0.571352 0.484958 0.037495 0.056954
0 0.761615 0.628981 0.045104 0.057963
0 0.757130 0.714426 0.028844 0.047370
0 0.811102 0.608602 0.039911 0.035722
0 0.443638 0.747898 0.022693 0.086964
0 0.808497 0.272162 0.034703 0.044324
0 0.691552 0.892486 0.023729 0.057194
0 0.313755 0.225625 0.048344 0.075324
0 0.169203 0.423134 0.030073 0.049972
0 0.189773 0.524782 0.024339 0.044009
0 0.760817 0.360399 0.032051 0.044160
0 0.470353 0.881766 0.029647 0.049858
0 0.320513 0.783476 0.021635 0.058405
0 0.090946 0.602564 0.036859 0.041311
0 0.423077 0.480769 0.026442 0.074074
0 0.627003 0.943020 0.025641 0.069801
0 0.656651 0.881766 0.030449 0.044160
0 0.422276 0.650997 0.034455 0.032764
0 0.339744 0.106838 0.023237 0.066952
0 0.228365 0.181624 0.032853 0.056980
0 0.485577 0.437322 0.023237 0.032764
0 0.354567 0.717949 0.019231 0.061254
0 0.365785 0.683761 0.016026 0.052707
0 0.411458 0.064103 0.022436 0.032764
0 0.188301 0.200142 0.024840 0.071225
