0 0.192647 0.582520 0.023529 0.026367
0 0.804044 0.134766 0.013971 0.044922
0 0.061397 0.494141 0.028676 0.029297
0 0.545221 0.207520 0.028676 0.067383
0 0.433824 0.406738 0.023529 0.028320
0 0.760662 0.649902 0.033088 0.036133
0 0.717647 0.733398 0.045588 0.035156
0 0.068015 0.458984 0.018382 0.044922
0 0.694853 0.685059 0.025000 0.041992
0 0.043382 0.549805 0.029412 0.039062
0 0.848897 0.186523 0.030147 0.050781
0 0.500368 0.975098 0.028676 0.034180
0 0.652574 0.667480 0.047794 0.049805
0 0.786397 0.481445 0.036029 0.025391
0 0.625000 0.882812 0.047059 0.044922
0 0.848162 0.060059 0.022794 0.036133
0 0.454044 0.518066 0.036029 0.030273
0 0.706985 0.143555 0.025735 0.025391
0 0.799265 0.979980 0.023529 0.030273
0 0.547794 0.254395 0.030882 0.051758
0 0.396691 0.070312 0.018382 0.029297
0 0.426103 0.863770 0.021324 0.041992
0 0.987500 0.136230 0.020588 0.034180
0 0.476103 0.351562 0.043382 0.035156
0 0.050000 0.683105 0.048529 0.040039
0 0.810662 0.064941 0.022794 0.032227
0 0.031618 0.179688 0.023529 0.033203
0 0.684559 0.811523 0.035294 0.023438
0 0.592647 0.089355 0.026471 0.040039
0 0.595956 0.018066 0.024265 0.038086
0 0.648529 0.263184 0.029412 0.036133
0 0.337132 0.391602 0.033088 0.025391
0 0.336397 0.023438 0.019853 0.033203
0 0.344485 0.816406 0.025735 0.039062
0 0.665809 0.589355 0.025735 0.028320
0 0.636397 0.141113 0.028676 0.026367
