0 0.576389 0.363861 0.025000 0.049505
0 0.253472 0.632426 0.034722 0.032178
0 0.231250 0.683168 0.018056 0.044554
0 0.181250 0.626238 0.037500 0.034653
0 0.195833 0.136139 0.033333 0.054455
0 0.077083 0.022277 0.031944 0.044554
0 0.067361 0.150990 0.045833 0.064356
0 0.863194 0.974010 0.026389 0.047030
0 0.858333 0.814356 0.027778 0.049505
0 0.834028 0.060644 0.040278 0.061881
0 0.784722 0.970297 0.027778 0.049505
0 0.670833 0.627475 0.036111 0.032178
0 0.540972 0.315594 0.043056 0.076733
0 0.036111 0.542079 0.038889 0.069307
0 0.129861 0.923267 0.023611 0.059406
0 0.209722 0.409653 0.033333 0.056931
0 0.478472 0.332921 0.051389 0.081683
