0 0.313628 0.047333 0.014755 0.094667
0 0.373727 0.109616 0.041203 0.061824
0 0.388701 0.346722 0.026359 0.071222
0 0.584367 0.129528 0.071859 0.073870
0 0.576951 0.329819 0.034109 0.070750
0 0.612232 0.341398 0.018214 0.084648
0 0.657536 0.631065 0.035906 0.047315
0 0.684000 0.835537 0.033625 0.119222
0 0.965430 0.209644 0.028776 0.058176
0 0.866060 0.417347 0.018578 0.069880
0 0.893409 0.754023 0.021193 0.067306
0 0.124026 0.716046 0.047010 0.046907
0 0.158396 0.911245 0.023042 0.063231
0 0.436172 0.811208 0.043177 0.027972
0 0.514982 0.957407 0.013297 0.085185
0 0.292792 0.183477 0.025167 0.055843
0 0.263461 0.251782 0.020672 0.038750
0 0.500801 0.398860 0.023237 0.081197
0 0.823297 0.838105 0.028886 0.068803
0 0.036859 0.662393 0.028045 0.084046
0 0.233574 0.220085 0.019231 0.068376
0 0.258814 0.032764 0.034455 0.035613
0 0.532051 0.834046 0.036058 0.048433
0 0.501202 0.869658 0.040064 0.019943
0 0.545272 0.550570 0.024038 0.051282
0 0.533253 0.455128 0.040064 0.051282
0 0.558093 0.255698 0.033654 0.037037
0 0.278446 0.637464 0.027244 0.039886
0 0.163462 0.400997 0.020032 0.051282
0 0.017628 0.335470 0.032853 0.025641
0 0.989924 0.421799 0.019111 0.053000
0 0.400641 0.466524 0.037660 0.045584
0 0.411058 0.122507 0.018429 0.075499
