0 0.578472 0.233911 0.043056 0.086634
0 0.067361 0.957921 0.026389 0.064356
0 0.752778 0.118812 0.027778 0.054455
0 0.536111 0.137376 0.025000 0.042079
0 0.572917 0.196782 0.026389 0.061881
0 0.084722 0.905941 0.038889 0.089109
0 0.567361 0.384901 0.037500 0.042079
0 0.948611 0.884901 0.036111 0.066832
0 0.781250 0.643564 0.029167 0.069307
0 0.026389 0.900990 0.050000 0.049505
0 0.242361 0.780941 0.031944 0.056931
0 0.179861 0.353960 0.043056 0.044554
0 0.186111 0.511139 0.055556 0.047030
0 0.577083 0.870050 0.031944 0.086634
