0 0.545956 0.795898 0.025735 0.031250
0 0.083456 0.914062 0.018382 0.031250
0 0.533456 0.895020 0.034559 0.038086
0 0.791544 0.688477 0.018382 0.042969
0 0.253309 0.591309 0.028676 0.022461
0 0.057353 0.068848 0.044118 0.043945
0 0.529044 0.828613 0.046324 0.041992
0 0.517647 0.644531 0.036765 0.029297
0 0.855515 0.898438 0.028676 0.037109
0 0.517279 0.253906 0.028676 0.039062
0 0.245956 0.018066 0.030147 0.038086
0 0.908456 0.835938 0.025735 0.050781
0 0.421691 0.634766 0.031618 0.037109
0 0.418015 0.417480 0.036029 0.034180
0 0.599632 0.875488 0.037500 0.030273
0 0.206985 0.079102 0.019853 0.042969
0 0.362500 0.434570 0.045588 0.039062
0 0.420956 0.014648 0.036029 0.031250
0 0.496691 0.028809 0.043382 0.038086
