0 0.483854 0.448148 0.037500 0.081481
0 0.992188 0.558333 0.015625 0.051852
0 0.159635 0.036574 0.045312 0.067593
0 0.933854 0.724074 0.033333 0.029630
0 0.751302 0.193981 0.022396 0.065741
0 0.700781 0.816204 0.045312 0.036111
0 0.141927 0.555556 0.024479 0.081481
0 0.774479 0.503241 0.050000 0.049074
0 0.231250 0.801389 0.030208 0.100926
0 0.407552 0.365741 0.021354 0.064815
0 0.548698 0.198611 0.034896 0.056481
0 0.538281 0.192130 0.044271 0.073148
0 0.503906 0.467593 0.029687 0.050000
