0 0.390349 0.257727 0.017156 0.098787
0 0.417174 0.219653 0.047891 0.037454
0 0.410969 0.468106 0.018813 0.052880
0 0.363388 0.531218 0.031984 0.071694
0 0.391885 0.398042 0.028563 0.068306
0 0.414268 0.680292 0.017078 0.079102
0 0.747081 0.737838 0.042078 0.044194
0 0.630365 0.450060 0.027396 0.077898
0 0.887729 0.425454 0.040042 0.032389
0 0.722721 0.269764 0.056901 0.052491
0 0.599198 0.077764 0.020271 0.101824
0 0.269271 0.975463 0.022917 0.049074
0 0.093146 0.744042 0.034208 0.036231
0 0.513534 0.724130 0.038526 0.044556
0 0.964732 0.794356 0.041964 0.036861
0 0.869391 0.138177 0.037660 0.058405
