0 0.441176 0.896973 0.017647 0.032227
0 0.148529 0.689941 0.025000 0.038086
0 0.462132 0.965820 0.016912 0.041016
0 0.233456 0.369141 0.024265 0.054688
0 0.945956 0.830566 0.031618 0.026367
0 0.675000 0.257812 0.020588 0.037109
0 0.737868 0.399902 0.025735 0.051758
0 0.947426 0.580566 0.038971 0.028320
0 0.828676 0.228027 0.023529 0.028320
0 0.913603 0.839355 0.049265 0.040039
0 0.481250 0.539062 0.019853 0.035156
0 0.759191 0.808105 0.025735 0.026367
0 0.688603 0.728516 0.024265 0.037109
0 0.440074 0.347656 0.024265 0.039062
0 0.145956 0.816895 0.028676 0.055664
0 0.240441 0.678223 0.032353 0.030273
0 0.054412 0.598145 0.020588 0.053711
