0 0.325694 0.436881 0.020833 0.042079
0 0.498611 0.597772 0.022222 0.086634
0 0.133333 0.715347 0.036111 0.039604
0 0.700000 0.719059 0.025000 0.051980
0 0.124306 0.590347 0.026389 0.032178
0 0.784722 0.033416 0.022222 0.071782
0 0.725694 0.290842 0.018056 0.042079
0 0.538194 0.272277 0.020833 0.044554
0 0.813889 0.379950 0.038889 0.032178
0 0.136111 0.667079 0.033333 0.042079
0 0.623611 0.194307 0.030556 0.051980
0 0.577778 0.230198 0.022222 0.079208
0 0.988889 0.469059 0.019444 0.071782
0 0.202083 0.449257 0.034722 0.037129
0 0.829861 0.570545 0.023611 0.056931
0 0.375694 0.262376 0.037500 0.039604
0 0.780556 0.627475 0.038889 0.066832
0 0.150694 0.923267 0.045833 0.039604
0 0.656944 0.565594 0.036111 0.056931
0 0.650694 0.405941 0.020833 0.054455
0 0.350000 0.559406 0.030556 0.054455
