0 0.313802 0.400000 0.018229 0.070370
0 0.328125 0.774537 0.031250 0.043519
0 0.331510 0.769444 0.033854 0.042593
0 0.145573 0.834259 0.019271 0.088889
0 0.229427 0.975926 0.045312 0.048148
0 0.327083 0.780093 0.029167 0.032407
0 0.682552 0.012963 0.033854 0.025926
0 0.716406 0.974074 0.026562 0.024074
0 0.089583 0.645833 0.030208 0.052778
0 0.253906 0.975000 0.019271 0.050000
0 0.508333 0.178704 0.028125 0.029630
0 0.463281 0.500000 0.034896 0.031481
0 0.380729 0.892593 0.018750 0.046296
0 0.459635 0.625000 0.021354 0.044444
0 0.547656 0.105093 0.017188 0.056481
0 0.316927 0.438426 0.022396 0.056481
0 0.483073 0.698148 0.022396 0.033333
0 0.372656 0.551852 0.020313 0.062963
0 0.561979 0.072685 0.034375 0.045370
0 0.415104 0.548611 0.023958 0.021296
0 0.393750 0.961574 0.019792 0.069444
0 0.132031 0.819907 0.049479 0.065741
0 0.038802 0.155556 0.041146 0.033333
0 0.761979 0.346759 0.027083 0.063889
0 0.228385 0.655556 0.060937 0.040741
0 0.694531 0.783333 0.027604 0.040741
0 0.891927 0.935185 0.024479 0.044444
0 0.547135 0.764815 0.033854 0.040741
0 0.608854 0.119444 0.020833 0.057407
0 0.227865 0.231944 0.016146 0.056481
0 0.182031 0.225463 0.042188 0.069444
0 0.671354 0.125463 0.031250 0.075000
0 0.920833 0.514815 0.040625 0.031481
0 0.636458 0.262500 0.033333 0.026852
0 0.586979 0.968056 0.036458 0.039815
0 0.757031 0.971759 0.021354 0.049074
0 0.480729 0.085648 0.027083 0.058333
0 0.052083 0.678704 0.039583 0.037037
0 0.473958 0.288889 0.020833 0.050000
0 0.272135 0.380093 0.018229 0.071296
0 0.528906 0.547222 0.023438 0.050000
0 0.752604 0.706944 0.018750 0.054630
0 0.916927 0.325000 0.023438 0.053704
0 0.905729 0.392593 0.023958 0.053704
0 0.189583 0.023148 0.026042 0.042593
0 0.540104 0.560185 0.019792 0.042593
