0 0.638281 0.025000 0.014063 0.050000
0 0.150781 0.028241 0.019271 0.052778
0 0.110156 0.486574 0.027604 0.045370
0 0.372135 0.339815 0.018229 0.050000
0 0.222396 0.806481 0.025000 0.088889
0 0.984635 0.522222 0.029687 0.044444
0 0.663281 0.802315 0.027604 0.062037
0 0.516927 0.218056 0.019271 0.054630
0 0.557031 0.220833 0.049479 0.049074
0 0.202604 0.807870 0.036458 0.093519
0 0.500000 0.503704 0.038542 0.070370
0 0.696354 0.572222 0.030208 0.077778
0 0.848177 0.738426 0.051562 0.045370
0 0.765885 0.293056 0.036979 0.037963
0 0.485938 0.508796 0.028125 0.073148
0 0.498177 0.558796 0.039062 0.045370
