0 0.662716 0.321319 0.033766 0.107454
0 0.575648 0.398259 0.028380 0.096519
0 0.379891 0.402884 0.036865 0.105769
0 0.487680 0.529736 0.049318 0.074287
0 0.248792 0.532551 0.017375 0.091028
0 0.414862 0.742185 0.052641 0.075111
0 0.922997 0.772287 0.031411 0.085315
0 0.835958 0.721352 0.030250 0.111222
0 0.958078 0.453051 0.054698 0.054250
0 0.907365 0.327032 0.051187 0.039250
0 0.885297 0.379528 0.035177 0.044241
0 0.889313 0.447630 0.038000 0.034148
0 0.823031 0.442338 0.040854 0.064306
0 0.065705 0.042023 0.032853 0.082621
0 0.093349 0.116097 0.036859 0.076923
0 0.103365 0.174501 0.040865 0.059829
0 0.023638 0.274217 0.027244 0.096866
0 0.019231 0.356125 0.031250 0.095442
0 0.034856 0.423077 0.028846 0.032764
0 0.074119 0.430199 0.024038 0.064103
0 0.027043 0.486321 0.054087 0.039593
0 0.081731 0.532764 0.056891 0.041311
0 0.087340 0.487892 0.045673 0.074074
0 0.076522 0.622507 0.025641 0.089744
0 0.116587 0.623932 0.032051 0.064103
0 0.126603 0.646724 0.040865 0.044160
0 0.120192 0.680199 0.036058 0.056980
0 0.108574 0.740028 0.032051 0.051282
0 0.069712 0.759972 0.044071 0.025641
0 0.069311 0.897436 0.057692 0.086895
0 0.026042 0.876068 0.049679 0.064103
0 0.064904 0.849715 0.037660 0.034188
0 0.167468 0.805556 0.026442 0.108262
0 0.190304 0.789174 0.038462 0.066952
0 0.211939 0.796296 0.044872 0.055556
0 0.211538 0.866097 0.048878 0.038462
0 0.173478 0.967949 0.062500 0.059829
0 0.137420 0.966524 0.036859 0.051282
0 0.183894 0.727208 0.067308 0.028490
0 0.213542 0.650285 0.041667 0.031339
0 0.223958 0.677350 0.056090 0.037037
0 0.233173 0.619658 0.055288 0.041311
0 0.229968 0.539886 0.031250 0.078348
0 0.259215 0.574786 0.030449 0.096866
0 0.141426 0.539886 0.038462 0.078348
0 0.139824 0.534900 0.046474 0.116809
0 0.146635 0.457265 0.058494 0.047009
0 0.142628 0.421652 0.034455 0.061254
0 0.088542 0.286325 0.025641 0.109687
0 0.110978 0.381054 0.038462 0.099715
0 0.131811 0.018519 0.044872 0.035613
0 0.118590 0.269231 0.040865 0.075499
0 0.137420 0.284900 0.032051 0.075499
0 0.167468 0.306980 0.052083 0.042735
0 0.177484 0.324786 0.027244 0.078348
0 0.131010 0.047721 0.052885 0.051282
0 0.161058 0.035613 0.056891 0.029915
0 0.169471 0.059117 0.040064 0.039886
0 0.135417 0.068376 0.050481 0.032764
0 0.183894 0.211538 0.056090 0.051282
0 0.217548 0.239316 0.041667 0.075499
0 0.208333 0.308405 0.031250 0.074074
0 0.165465 0.421652 0.025641 0.086895
0 0.201522 0.398148 0.025641 0.068376
0 0.236779 0.381054 0.056090 0.039886
0 0.227965 0.415242 0.040064 0.074074
0 0.254006 0.232194 0.028045 0.081197
0 0.217548 0.056268 0.043269 0.111111
0 0.268429 0.358262 0.023237 0.108262
0 0.285657 0.353989 0.030449 0.094017
0 0.268029 0.019231 0.028846 0.037037
0 0.267628 0.076923 0.026442 0.103989
0 0.286458 0.150285 0.025641 0.085470
0 0.301282 0.147436 0.045673 0.056980
0 0.318109 0.188746 0.047276 0.045584
0 0.329327 0.228632 0.028045 0.065527
0 0.346554 0.252849 0.051282 0.071225
0 0.360176 0.281339 0.032051 0.105413
0 0.292067 0.455840 0.032051 0.049858
0 0.339343 0.467236 0.011218 0.064103
0 0.276042 0.534900 0.033654 0.039886
0 0.301683 0.576211 0.046474 0.017094
0 0.266426 0.645299 0.078526 0.049858
0 0.346554 0.660256 0.035256 0.085470
0 0.315304 0.668091 0.048077 0.089744
0 0.328926 0.728632 0.049679 0.045584
0 0.366587 0.709402 0.033654 0.069801
0 0.387821 0.657407 0.034455 0.071225
0 0.409856 0.693732 0.022436 0.058405
0 0.413061 0.806268 0.062500 0.064103
0 0.341346 0.784188 0.058494 0.062678
0 0.367788 0.851140 0.079327 0.054131
0 0.418269 0.865385 0.026442 0.056980
0 0.301683 0.882479 0.062500 0.054131
0 0.266831 0.952885 0.045665 0.092379
0 0.332532 0.933761 0.021635 0.085470
0 0.357772 0.916667 0.043269 0.042735
0 0.361378 0.957977 0.048878 0.025641
0 0.346955 0.033476 0.032853 0.065527
0 0.350160 0.105413 0.024840 0.061254
0 0.371795 0.015670 0.023237 0.027066
0 0.377003 0.048433 0.038462 0.047009
0 0.389022 0.087607 0.052885 0.048433
0 0.439103 0.102564 0.040865 0.035613
0 0.453125 0.065527 0.020833 0.084046
0 0.364183 0.163818 0.035256 0.069801
0 0.388622 0.171652 0.036058 0.042735
0 0.401843 0.144587 0.041667 0.045584
0 0.456731 0.168091 0.031250 0.032764
0 0.516827 0.191595 0.020032 0.068376
0 0.495994 0.192308 0.039263 0.055556
0 0.435096 0.257835 0.039263 0.055556
0 0.409054 0.355413 0.036859 0.025641
0 0.452324 0.404558 0.016026 0.084046
0 0.476362 0.423077 0.057692 0.044160
0 0.526042 0.355413 0.048077 0.025641
0 0.521635 0.334758 0.029647 0.200855
0 0.498798 0.070513 0.033654 0.108262
0 0.539263 0.108974 0.047276 0.068376
0 0.408253 0.459402 0.022436 0.062678
0 0.381010 0.527778 0.027244 0.076923
0 0.466346 0.667379 0.024840 0.071225
0 0.460737 0.813390 0.028045 0.061254
0 0.486779 0.676638 0.025641 0.075499
0 0.478766 0.601852 0.038462 0.062678
0 0.528846 0.625356 0.044071 0.044160
0 0.538462 0.640313 0.045673 0.096866
0 0.556090 0.525641 0.039263 0.066952
0 0.540865 0.697293 0.026442 0.042735
0 0.581330 0.732906 0.028846 0.051282
0 0.611378 0.690883 0.040865 0.064103
0 0.630208 0.648860 0.025641 0.037037
0 0.631811 0.600427 0.038462 0.102564
0 0.465946 0.881054 0.070513 0.034188
0 0.483974 0.958689 0.042468 0.072650
0 0.455562 0.968554 0.020900 0.061040
0 0.519631 0.883903 0.027244 0.037037
0 0.544872 0.930199 0.047276 0.041311
0 0.569664 0.965705 0.029553 0.066738
0 0.593750 0.860399 0.050481 0.081197
0 0.590946 0.925214 0.033654 0.068376
0 0.620192 0.955128 0.036058 0.048433
0 0.624618 0.984224 0.038498 0.029701
0 0.655449 0.923789 0.044071 0.059829
0 0.642628 0.785613 0.023237 0.068376
0 0.610577 0.801282 0.026442 0.076923
0 0.663061 0.540598 0.030449 0.088319
0 0.677083 0.472934 0.048878 0.129630
0 0.684696 0.487179 0.032051 0.075499
0 0.706731 0.254986 0.026442 0.092593
0 0.637420 0.208689 0.059295 0.074074
0 0.577724 0.159544 0.031250 0.029915
0 0.599760 0.089744 0.024038 0.066952
0 0.662260 0.049858 0.072115 0.098291
0 0.721955 0.063390 0.023237 0.079772
0 0.729167 0.056268 0.013622 0.108262
0 0.759615 0.114672 0.020032 0.068376
0 0.756811 0.025641 0.016026 0.047009
0 0.759215 0.212251 0.038462 0.061254
0 0.764022 0.287749 0.028846 0.069801
0 0.731971 0.311966 0.032051 0.058405
0 0.707532 0.406695 0.045673 0.091168
0 0.759215 0.392450 0.046474 0.039886
0 0.794471 0.418803 0.062500 0.123932
0 0.789663 0.517094 0.046474 0.058405
0 0.816106 0.547009 0.025641 0.109687
0 0.849760 0.569088 0.048077 0.082621
0 0.822516 0.166667 0.043269 0.069801
0 0.907452 0.175214 0.024038 0.072650
0 0.911458 0.113248 0.020833 0.079772
0 0.919071 0.030627 0.060096 0.054131
0 0.912660 0.076211 0.018429 0.065527
0 0.959135 0.024217 0.042468 0.047009
0 0.954728 0.125356 0.057692 0.121083
0 0.854567 0.228632 0.020833 0.076923
0 0.979507 0.180514 0.039944 0.049062
0 0.932692 0.232194 0.034455 0.064103
0 0.965485 0.282789 0.067989 0.054183
0 0.967488 0.339278 0.063982 0.064597
0 0.979567 0.435897 0.033654 0.089744
0 0.897436 0.495726 0.034455 0.041311
0 0.947115 0.494302 0.071314 0.029915
0 0.900240 0.542735 0.040064 0.066952
0 0.897436 0.593305 0.061699 0.042735
0 0.921074 0.644587 0.032051 0.059829
0 0.931490 0.692308 0.078526 0.098291
0 0.955929 0.682336 0.032853 0.066952
0 0.891827 0.704416 0.021635 0.065527
0 0.881811 0.712251 0.020833 0.072650
0 0.960337 0.913818 0.033654 0.085470
0 0.983113 0.919623 0.032732 0.042950
0 0.920673 0.916667 0.020032 0.076923
0 0.915064 0.904558 0.039263 0.095442
0 0.875801 0.873932 0.042468 0.082621
0 0.864984 0.910256 0.054487 0.064103
0 0.832532 0.848291 0.039263 0.088319
0 0.860577 0.795584 0.023237 0.062678
0 0.746394 0.604701 0.017628 0.076923
0 0.784455 0.610399 0.056891 0.034188
0 0.795272 0.638889 0.036859 0.031339
0 0.717548 0.644587 0.033654 0.051282
0 0.694311 0.698718 0.024038 0.173789
0 0.699920 0.814103 0.083333 0.133903
0 0.667067 0.703704 0.020833 0.075499
0 0.663462 0.603989 0.032853 0.069801
0 0.766426 0.679487 0.032051 0.049858
0 0.787260 0.707977 0.036859 0.106838
0 0.800481 0.769231 0.061699 0.029915
0 0.795272 0.806980 0.056090 0.045584
0 0.776843 0.845442 0.046474 0.111111
0 0.803285 0.861823 0.046474 0.052707
0 0.728766 0.930199 0.036859 0.089744
0 0.707131 0.900285 0.033654 0.047009
0 0.707094 0.967130 0.022361 0.063889
0 0.796474 0.931624 0.026442 0.064103
0 0.768830 0.914530 0.033654 0.047009
0 0.769631 0.964387 0.017628 0.052707
