0 0.563235 0.362305 0.025000 0.070312
0 0.604044 0.160156 0.025735 0.039062
0 0.756985 0.528320 0.024265 0.035156
0 0.541544 0.350098 0.033088 0.061523
0 0.011765 0.314941 0.023529 0.041992
0 0.786397 0.103027 0.030147 0.034180
0 0.337132 0.353027 0.037500 0.024414
0 0.443750 0.613281 0.019853 0.044922
0 0.639706 0.861816 0.023529 0.032227
0 0.637500 0.337402 0.029412 0.030273
0 0.646324 0.583984 0.036765 0.029297
0 0.767647 0.212891 0.029412 0.037109
0 0.387500 0.662598 0.032353 0.030273
0 0.629779 0.021484 0.044853 0.031250
0 0.358088 0.417480 0.035294 0.034180
0 0.336029 0.214355 0.036765 0.040039
