0 0.819995 0.592454 0.035823 0.053426
0 0.808081 0.614306 0.039078 0.084167
0 0.760573 0.663481 0.038854 0.104741
0 0.650854 0.629093 0.036083 0.032259
0 0.436112 0.728764 0.014932 0.092713
0 0.559341 0.482176 0.014516 0.081019
0 0.689133 0.902565 0.017849 0.073648
0 0.185349 0.545167 0.029031 0.025519
0 0.222641 0.158495 0.034865 0.055880
0 0.763443 0.022500 0.018552 0.045000
0 0.971919 0.875935 0.011547 0.051870
0 0.489183 0.448006 0.035256 0.037037
0 0.318510 0.782764 0.027244 0.051282
0 0.623397 0.936610 0.023237 0.076923
0 0.129006 0.204416 0.037660 0.028490
0 0.420272 0.470085 0.035256 0.035613
0 0.411058 0.067664 0.028045 0.022792
0 0.164663 0.443732 0.038462 0.034188
0 0.745593 0.348291 0.024038 0.065527
0 0.976763 0.163818 0.023237 0.078348
