0 0.506250 0.382812 0.056618 0.029297
0 0.529779 0.341309 0.080147 0.059570
0 0.306985 0.389648 0.071324 0.048828
0 0.258088 0.388184 0.076471 0.045898
0 0.855515 0.700684 0.028676 0.034180
0 0.395221 0.818848 0.061029 0.081055
0 0.974632 0.604980 0.049265 0.038086
0 0.795956 0.625488 0.065441 0.067383
0 0.979779 0.384277 0.038971 0.096680
0 0.809191 0.668945 0.047794 0.080078
0 0.426103 0.068359 0.041912 0.037109
0 0.382353 0.791016 0.054412 0.033203
0 0.519485 0.370605 0.050735 0.069336
0 0.013603 0.867188 0.027206 0.031250
0 0.767279 0.791016 0.040441 0.037109
0 0.709926 0.763184 0.052206 0.124023
0 0.269118 0.618652 0.030882 0.034180
0 0.135662 0.025391 0.025735 0.052734
0 0.396691 0.620605 0.061029 0.047852
0 0.909559 0.941895 0.045588 0.040039
0 0.411397 0.823730 0.028676 0.083008
0 0.677574 0.641602 0.056618 0.068359
0 0.531985 0.393066 0.046324 0.053711
0 0.256250 0.708984 0.061029 0.082031
0 0.489706 0.042480 0.041176 0.084961
0 0.240074 0.500977 0.031618 0.054688
0 0.341912 0.587891 0.060294 0.041016
0 0.370588 0.731934 0.030882 0.079102
0 0.477206 0.608398 0.070588 0.044922
0 0.405882 0.740234 0.042647 0.068359
0 0.302941 0.304688 0.050000 0.037109
0 0.173897 0.726562 0.056618 0.060547
0 0.747794 0.790527 0.045588 0.067383
0 0.533088 0.316406 0.055882 0.056641
0 0.629779 0.985352 0.016912 0.027344
