0 0.383299 0.223306 0.029099 0.061426
0 0.579424 0.218671 0.025516 0.052157
0 0.725805 0.294153 0.015151 0.027194
0 0.598505 0.713324 0.032427 0.082204
0 0.315841 0.377750 0.033766 0.049944
0 0.461307 0.680847 0.025740 0.050583
0 0.512096 0.675759 0.023151 0.086704
0 0.579164 0.975148 0.040620 0.041037
0 0.340065 0.654426 0.028047 0.071815
0 0.724133 0.797477 0.059724 0.046806
0 0.913990 0.571986 0.032146 0.073602
0 0.953060 0.449301 0.048828 0.068972
0 0.267034 0.215560 0.033026 0.049639
0 0.389482 0.882306 0.030005 0.070167
0 0.428669 0.858921 0.000047 0.001176
0 0.984586 0.148264 0.030630 0.042824
0 0.976440 0.316384 0.046630 0.040176
0 0.378909 0.516611 0.018234 0.057296
0 0.292607 0.896796 0.026880 0.069519
