0 0.623611 0.551980 0.033333 0.059406
0 0.736806 0.501238 0.026389 0.047030
0 0.115972 0.870050 0.029167 0.037129
0 0.615278 0.190594 0.025000 0.094059
0 0.411111 0.081683 0.019444 0.054455
0 0.683333 0.943069 0.022222 0.054455
0 0.877083 0.761139 0.029167 0.071782
0 0.017361 0.225248 0.034722 0.044554
0 0.140972 0.800743 0.034722 0.047030
0 0.754861 0.559406 0.031944 0.034653
0 0.479861 0.832921 0.034722 0.051980
0 0.657639 0.039604 0.045833 0.079208
0 0.577083 0.829208 0.029167 0.064356
