0 0.685677 0.592130 0.039062 0.056481
0 0.483073 0.433333 0.038021 0.062963
0 0.500000 0.481481 0.053125 0.037037
0 0.188802 0.019907 0.039062 0.041667
0 0.140885 0.556481 0.023438 0.072222
0 0.405729 0.347222 0.023958 0.068519
0 0.773177 0.501389 0.029687 0.052778
0 0.926302 0.718056 0.043229 0.037963
0 0.754948 0.199074 0.022396 0.070370
0 0.688802 0.800000 0.038021 0.046296
0 0.221875 0.802315 0.046875 0.065741
0 0.163802 0.044907 0.040104 0.091667
0 0.547656 0.210185 0.065104 0.044444
0 0.532813 0.194444 0.062500 0.064815
0 0.994010 0.532407 0.011979 0.101852
