0 0.936148 0.265801 0.025422 0.094565
0 0.569469 0.466593 0.034771 0.129481
0 0.316917 0.861301 0.047375 0.067046
0 0.410844 0.358708 0.025854 0.093343
0 0.421909 0.146241 0.029234 0.044333
0 0.593440 0.224963 0.018130 0.090667
0 0.891070 0.590676 0.039432 0.027648
0 0.733497 0.516079 0.024286 0.032157
0 0.501057 0.872657 0.046906 0.036056
0 0.822701 0.837407 0.018318 0.063704
0 0.871206 0.922287 0.056995 0.040870
0 0.871609 0.959046 0.036969 0.038463
0 0.618436 0.261542 0.034247 0.049467
0 0.025186 0.968671 0.043522 0.050736
