0 0.575735 0.712891 0.025000 0.025391
0 0.562868 0.273438 0.022794 0.021484
0 0.796324 0.966309 0.020588 0.034180
0 0.798897 0.617188 0.021324 0.029297
0 0.434559 0.350098 0.016176 0.040039
0 0.455882 0.854980 0.017647 0.053711
0 0.462132 0.293945 0.028676 0.027344
0 0.879779 0.840820 0.025735 0.033203
0 0.480882 0.554688 0.023529 0.058594
0 0.583824 0.062988 0.027941 0.034180
0 0.078676 0.776855 0.014706 0.043945
0 0.933456 0.575684 0.022794 0.045898
0 0.761765 0.800781 0.030882 0.025391
0 0.830882 0.228516 0.027941 0.027344
0 0.209559 0.697266 0.030882 0.042969
0 0.148529 0.837402 0.023529 0.043945
0 0.679412 0.759766 0.027941 0.027344
0 0.738603 0.396484 0.021324 0.058594
0 0.058088 0.585938 0.027941 0.048828
0 0.302574 0.063477 0.021324 0.042969
