0 0.583555 0.668208 0.026484 0.025306
0 0.586255 0.327602 0.023552 0.032981
0 0.624393 0.329329 0.009203 0.027176
0 0.473995 0.293630 0.006323 0.037259
0 0.387833 0.457949 0.007958 0.038120
0 0.375917 0.695685 0.029958 0.037667
0 0.281573 0.155065 0.024604 0.043463
0 0.233776 0.380431 0.022760 0.042343
0 0.219096 0.380736 0.020484 0.029991
0 0.513199 0.581811 0.039241 0.025368
0 0.612372 0.447362 0.034960 0.032978
0 0.861579 0.515135 0.027043 0.078348
0 0.702724 0.534188 0.034455 0.044160
0 0.984375 0.886752 0.028846 0.054131
0 0.884215 0.099715 0.033654 0.032764
0 0.178285 0.121083 0.027244 0.055556
0 0.293670 0.754986 0.027244 0.044160
0 0.075721 0.812678 0.016026 0.074074
