0 0.648177 0.062500 0.033854 0.041667
0 0.143750 0.562963 0.042708 0.037037
0 0.607031 0.757407 0.035937 0.027778
0 0.922135 0.506019 0.017188 0.054630
0 0.358854 0.038889 0.020833 0.077778
0 0.389583 0.514352 0.033333 0.047222
0 0.916406 0.707407 0.033854 0.046296
0 0.449479 0.520370 0.033333 0.042593
0 0.333073 0.075463 0.028646 0.062037
0 0.135156 0.525000 0.049479 0.055556
0 0.755208 0.168519 0.026042 0.064815
0 0.873437 0.135648 0.047917 0.069444
0 0.457031 0.862500 0.051562 0.045370
