0 0.837958 0.351333 0.029042 0.036000
0 0.815094 0.395301 0.037479 0.027639
0 0.808255 0.826042 0.035260 0.037269
0 0.753401 0.360130 0.028677 0.022111
0 0.863974 0.153250 0.038365 0.032426
0 0.652862 0.109032 0.018224 0.047694
0 0.529875 0.079157 0.025375 0.032389
0 0.356125 0.357236 0.019542 0.049657
0 0.267516 0.330597 0.018365 0.048231
0 0.195701 0.320986 0.022651 0.038269
0 0.408219 0.875505 0.023729 0.115824
0 0.362346 0.920222 0.021568 0.042296
0 0.319159 0.844356 0.018526 0.035009
