0 0.608563 0.370889 0.048375 0.030667
0 0.589766 0.510843 0.043073 0.047611
0 0.376177 0.327514 0.021104 0.049472
0 0.152264 0.357336 0.047236 0.107265
0 0.194182 0.734343 0.034198 0.042759
0 0.608331 0.808736 0.015620 0.065620
0 0.656721 0.855199 0.020734 0.040028
0 0.885076 0.669185 0.013901 0.080963
0 0.858880 0.727699 0.039635 0.044287
0 0.930344 0.457963 0.013812 0.058519
0 0.768320 0.484144 0.039766 0.021991
0 0.769294 0.401921 0.042755 0.014954
0 0.755234 0.293236 0.029219 0.053139
0 0.613346 0.288352 0.027734 0.032259
0 0.595026 0.102153 0.020260 0.032083
0 0.566240 0.034644 0.055396 0.069287
0 0.727487 0.045481 0.031016 0.059481
0 0.939826 0.176648 0.046318 0.025519
0 0.143830 0.183048 0.033654 0.042735
0 0.074519 0.252849 0.018429 0.054131
0 0.112981 0.277778 0.036058 0.061254
0 0.118189 0.237892 0.024038 0.052707
0 0.027644 0.507123 0.020833 0.052707
0 0.426683 0.893875 0.027244 0.045584
0 0.373798 0.229345 0.030449 0.049858
0 0.297276 0.169516 0.018429 0.078348
0 0.225962 0.150997 0.024840 0.058405
0 0.560897 0.284188 0.018429 0.051282
0 0.255609 0.769943 0.024840 0.051282
0 0.497196 0.526353 0.030449 0.022792
0 0.451122 0.098291 0.018429 0.038462
0 0.185096 0.227920 0.029647 0.061254
