0 0.567361 0.149752 0.029167 0.051980
0 0.234722 0.811881 0.030556 0.034653
0 0.754861 0.118812 0.029167 0.054455
0 0.195139 0.498762 0.062500 0.047030
0 0.406944 0.693069 0.025000 0.034653
0 0.582639 0.226485 0.031944 0.071782
0 0.076389 0.881188 0.025000 0.054455
0 0.029861 0.889851 0.059722 0.051980
0 0.575000 0.862624 0.036111 0.071782
0 0.828472 0.631188 0.043056 0.044554
0 0.942361 0.915842 0.034722 0.089109
0 0.092361 0.915842 0.043056 0.054455
0 0.567361 0.370050 0.023611 0.061881
0 0.575694 0.200495 0.026389 0.059406
