0 0.073698 0.555556 0.051562 0.051852
0 0.952604 0.323611 0.034375 0.036111
0 0.977604 0.825926 0.039583 0.044444
0 0.525781 0.868056 0.027604 0.039815
0 0.575260 0.214352 0.066146 0.049074
0 0.814583 0.854630 0.045833 0.048148
0 0.934375 0.280556 0.028125 0.048148
0 0.302083 0.105556 0.040625 0.040741
0 0.977083 0.793056 0.045833 0.050926
0 0.304427 0.831944 0.027604 0.073148
0 0.536979 0.020833 0.034375 0.043519
0 0.319531 0.880556 0.057813 0.042593
0 0.876563 0.918981 0.032292 0.117593
0 0.828906 0.055093 0.042188 0.078704
0 0.385677 0.380093 0.049479 0.069444
0 0.421354 0.136111 0.036458 0.070370
0 0.393229 0.755556 0.019792 0.075926
0 0.554427 0.464815 0.038021 0.118519
