0 0.561458 0.740741 0.023958 0.038889
0 0.673958 0.525926 0.023958 0.046296
0 0.915104 0.104167 0.042708 0.047222
0 0.373958 0.891204 0.020833 0.043519
0 0.245052 0.645370 0.030729 0.025926
0 0.657813 0.365278 0.012500 0.045370
0 0.736458 0.316667 0.025000 0.033333
0 0.565885 0.687500 0.014063 0.060185
0 0.980208 0.689815 0.017708 0.079630
0 0.894531 0.572685 0.021354 0.056481
0 0.570052 0.103241 0.029687 0.047222
0 0.087760 0.975000 0.055729 0.042593
0 0.951302 0.105093 0.021354 0.054630
