0 0.131510 0.543056 0.055729 0.043519
0 0.963281 0.500463 0.026562 0.049074
0 0.015365 0.493056 0.028646 0.076852
0 0.481510 0.534259 0.021354 0.057407
0 0.669531 0.119444 0.040104 0.040741
0 0.390104 0.905556 0.029167 0.079630
0 0.475260 0.871296 0.045312 0.038889
0 0.915104 0.172222 0.023958 0.064815
0 0.339323 0.167130 0.031771 0.045370
0 0.428385 0.520833 0.031771 0.065741
0 0.926302 0.701852 0.029687 0.085185
0 0.011458 0.030093 0.023958 0.062037
0 0.373177 0.069444 0.033854 0.027778
0 0.775260 0.223611 0.023438 0.056481
0 0.120833 0.487963 0.030208 0.033333
