0 0.150735 0.401855 0.033824 0.024414
0 0.764706 0.011230 0.013235 0.022461
0 0.237132 0.679688 0.041912 0.046875
0 0.654044 0.050781 0.018382 0.023438
0 0.625735 0.014648 0.011765 0.029297
0 0.241544 0.714355 0.037500 0.049805
0 0.189338 0.976562 0.022794 0.021484
0 0.709926 0.656738 0.024265 0.022461
0 0.374265 0.193848 0.020588 0.030273
0 0.011397 0.594727 0.022794 0.029297
0 0.276471 0.339355 0.023529 0.026367
0 0.164706 0.679688 0.016176 0.027344
0 0.010294 0.176270 0.020588 0.022461
0 0.610294 0.750488 0.023529 0.032227
0 0.163603 0.145020 0.021324 0.024414
0 0.863235 0.604980 0.020588 0.045898
0 0.015441 0.025391 0.023529 0.037109
0 0.764706 0.166016 0.022059 0.042969
0 0.835294 0.132812 0.017647 0.025391
0 0.773162 0.339355 0.025735 0.038086
0 0.069485 0.617188 0.025735 0.035156
0 0.421324 0.196777 0.029412 0.030273
0 0.290074 0.695312 0.018382 0.039062
0 0.881985 0.888184 0.030147 0.036133
0 0.202941 0.539062 0.030882 0.027344
0 0.855147 0.707520 0.039706 0.034180
0 0.324265 0.014648 0.017647 0.027344
