0 0.122222 0.868812 0.019444 0.044554
0 0.658333 0.610149 0.016667 0.056931
0 0.736111 0.506188 0.025000 0.047030
0 0.625000 0.556931 0.033333 0.064356
0 0.011111 0.220297 0.025000 0.034653
0 0.481250 0.830446 0.031944 0.047030
0 0.765972 0.589109 0.020833 0.064356
0 0.875000 0.762376 0.027778 0.074257
0 0.409722 0.081683 0.019444 0.059406
0 0.683333 0.946782 0.022222 0.051980
0 0.656250 0.039604 0.043056 0.079208
0 0.142361 0.804455 0.031944 0.039604
0 0.577083 0.827970 0.029167 0.061881
