0 0.326521 0.135778 0.028042 0.062296
0 0.106172 0.216130 0.020677 0.087815
0 0.156703 0.227699 0.046740 0.027620
0 0.209563 0.696829 0.022250 0.051065
0 0.501156 0.710491 0.034604 0.054315
0 0.588411 0.650755 0.032031 0.092250
0 0.614195 0.772310 0.048182 0.042769
0 0.813301 0.434473 0.048878 0.101140
0 0.942375 0.576653 0.027458 0.073676
0 0.920234 0.648435 0.045677 0.059833
0 0.673578 0.314301 0.064865 0.043417
0 0.769628 0.241134 0.033005 0.063750
0 0.606904 0.016759 0.021099 0.033519
0 0.142768 0.288838 0.023036 0.077676
0 0.606250 0.969130 0.051042 0.056778
0 0.633583 0.460185 0.029667 0.066667
0 0.802435 0.365708 0.025703 0.062898
0 0.554487 0.192308 0.018429 0.072650
0 0.770032 0.021368 0.020032 0.035613
0 0.149840 0.301282 0.032853 0.054131
0 0.564904 0.607550 0.028045 0.031339
0 0.887821 0.789174 0.016827 0.064103
0 0.301282 0.774929 0.032853 0.029915
0 0.555689 0.284188 0.041667 0.025641
0 0.975100 0.138993 0.048758 0.034397
0 0.266426 0.725071 0.038462 0.038462
0 0.447115 0.836895 0.020032 0.037037
0 0.067308 0.962251 0.029647 0.056980
0 0.849359 0.866097 0.044071 0.027066
