0 0.627941 0.026855 0.023529 0.043945
0 0.329779 0.228516 0.018382 0.042969
0 0.592279 0.412109 0.034559 0.025391
0 0.605515 0.358398 0.033088 0.021484
0 0.794118 0.101562 0.013235 0.035156
0 0.753309 0.526855 0.018382 0.043945
0 0.771324 0.215820 0.019118 0.042969
0 0.567279 0.407227 0.033088 0.029297
0 0.554044 0.919434 0.018382 0.040039
0 0.643015 0.580566 0.033088 0.030273
0 0.014338 0.231934 0.028676 0.038086
0 0.358088 0.329102 0.035294 0.027344
0 0.152206 0.446777 0.023529 0.041992
0 0.015809 0.311523 0.033088 0.033203
0 0.539706 0.342773 0.041176 0.033203
0 0.358088 0.418945 0.023529 0.042969
0 0.796324 0.283691 0.036765 0.020508
