0 0.364063 0.339815 0.031250 0.053704
0 0.488281 0.549537 0.036979 0.078704
0 0.631250 0.018056 0.017708 0.036111
0 0.516406 0.542593 0.023438 0.111111
0 0.528906 0.219444 0.060937 0.040741
0 0.650260 0.798148 0.043229 0.044444
0 0.559635 0.204630 0.025521 0.081481
0 0.095833 0.470370 0.028125 0.050000
0 0.488802 0.488889 0.038021 0.057407
0 0.828125 0.755556 0.050000 0.066667
0 0.707031 0.586574 0.041146 0.049074
0 0.773958 0.292130 0.020833 0.086111
0 0.988802 0.515741 0.021354 0.094444
0 0.214323 0.802778 0.040104 0.062963
0 0.191927 0.856481 0.029687 0.079630
