0 0.280729 0.708796 0.027083 0.052778
0 0.785156 0.440741 0.024479 0.059259
0 0.854427 0.133333 0.028646 0.029630
0 0.908854 0.785185 0.034375 0.037037
0 0.569531 0.713426 0.017188 0.069444
0 0.228906 0.708796 0.026562 0.037963
0 0.305729 0.737037 0.033333 0.031481
0 0.271354 0.968519 0.020833 0.053704
0 0.066406 0.944907 0.032813 0.063889
0 0.940104 0.613889 0.033333 0.085185
0 0.818229 0.340278 0.033333 0.058333
0 0.503906 0.705556 0.029687 0.062963
0 0.698438 0.265278 0.022917 0.089815
0 0.575781 0.587500 0.020313 0.050926
0 0.988281 0.119907 0.023438 0.071296
0 0.788281 0.215741 0.019271 0.081481
0 0.619531 0.616667 0.020313 0.075926
0 0.346354 0.106481 0.020833 0.081481
0 0.645573 0.449074 0.019271 0.079630
0 0.666927 0.222685 0.035937 0.043519
0 0.432552 0.218056 0.042188 0.037963
0 0.617708 0.756944 0.047917 0.050926
0 0.616927 0.954167 0.049479 0.052778
0 0.158854 0.264352 0.042708 0.075000
0 0.558854 0.197685 0.018750 0.056481
0 0.801302 0.432407 0.023438 0.055556
0 0.837500 0.412500 0.066667 0.060185
