0 0.125781 0.543981 0.068229 0.045370
0 0.008333 0.470370 0.017708 0.061111
0 0.651302 0.123148 0.028646 0.046296
0 0.355990 0.067130 0.044271 0.039815
0 0.888281 0.143056 0.035937 0.065741
0 0.772656 0.172685 0.036979 0.075000
0 0.470313 0.522685 0.032292 0.054630
0 0.931250 0.714815 0.034375 0.053704
0 0.468229 0.881019 0.045833 0.045370
0 0.947135 0.506481 0.024479 0.072222
0 0.417708 0.511574 0.036458 0.071296
0 0.329688 0.126389 0.028125 0.087963
0 0.376302 0.920833 0.030729 0.063889
0 0.124479 0.525463 0.033333 0.069444
