0 0.410148 0.242662 0.038005 0.063102
0 0.610992 0.242486 0.015734 0.075713
0 0.405094 0.633333 0.021646 0.074074
0 0.373625 0.675009 0.028500 0.037056
0 0.359003 0.842495 0.029464 0.083139
0 0.552216 0.768796 0.024224 0.100556
0 0.269445 0.257486 0.020141 0.044602
0 0.317760 0.135824 0.031354 0.097574
0 0.024805 0.642329 0.049609 0.062435
0 0.033305 0.879435 0.043693 0.055167
0 0.281068 0.982690 0.043385 0.033898
0 0.472359 0.962380 0.019719 0.050685
0 0.471786 0.918139 0.045656 0.045537
0 0.715750 0.918764 0.065875 0.035676
0 0.909922 0.701486 0.059427 0.045565
0 0.871367 0.585569 0.033359 0.060028
0 0.946294 0.427319 0.038422 0.062046
0 0.930518 0.462704 0.027703 0.080963
0 0.982388 0.765389 0.034568 0.058556
0 0.160240 0.330574 0.036104 0.022259
