0 0.547426 0.919434 0.047794 0.055664
0 0.950000 0.012695 0.055882 0.027344
0 0.904044 0.075684 0.053676 0.049805
0 0.462868 0.014648 0.043382 0.029297
0 0.038235 0.707520 0.058824 0.036133
0 0.473529 0.590820 0.073529 0.039062
0 0.169118 0.087402 0.048529 0.051758
0 0.362132 0.898438 0.069853 0.037109
0 0.903676 0.028320 0.032353 0.050781
0 0.175000 0.550781 0.027941 0.054688
0 0.138603 0.058105 0.027206 0.057617
0 0.445956 0.625977 0.028676 0.089844
0 0.756250 0.372559 0.030147 0.059570
0 0.387132 0.787109 0.022794 0.066406
0 0.601103 0.738770 0.062500 0.051758
0 0.729044 0.342773 0.047794 0.050781
0 0.624632 0.702148 0.022794 0.066406
0 0.356618 0.707520 0.052941 0.051758
0 0.227941 0.627441 0.035294 0.041992
0 0.822059 0.738281 0.038235 0.039062
0 0.807721 0.169434 0.036029 0.051758
0 0.890441 0.587891 0.052941 0.039062
0 0.541176 0.962891 0.041176 0.044922
0 0.975000 0.037598 0.039706 0.038086
