0 0.970221 0.028320 0.050735 0.050781
0 0.542647 0.974609 0.033824 0.050781
0 0.818750 0.736816 0.030147 0.051758
0 0.719118 0.339355 0.030882 0.041992
0 0.139706 0.063477 0.023529 0.052734
0 0.544118 0.936523 0.048529 0.048828
0 0.442647 0.641602 0.020588 0.068359
0 0.916176 0.047852 0.060294 0.080078
0 0.039338 0.705566 0.061029 0.034180
0 0.625735 0.704102 0.033824 0.042969
0 0.479044 0.591309 0.074265 0.041992
0 0.366544 0.901855 0.053676 0.038086
0 0.741912 0.372070 0.038235 0.048828
0 0.321324 0.916016 0.038235 0.056641
0 0.600368 0.740234 0.058088 0.050781
0 0.816176 0.172852 0.035294 0.052734
0 0.230515 0.632812 0.033088 0.044922
0 0.169485 0.561523 0.034559 0.058594
0 0.388603 0.787109 0.022794 0.068359
0 0.354779 0.708984 0.055147 0.054688
0 0.171324 0.091309 0.042647 0.043945
0 0.883456 0.587402 0.041912 0.049805
0 0.225368 0.360352 0.040441 0.039062
0 0.450368 0.016113 0.025735 0.034180
0 0.660662 0.296387 0.018382 0.063477
