0 0.864583 0.730093 0.033333 0.037963
0 0.104427 0.289815 0.035937 0.061111
0 0.770052 0.481019 0.070312 0.060185
0 0.751302 0.417593 0.024479 0.037037
0 0.564323 0.509259 0.016146 0.044444
0 0.739583 0.288889 0.020833 0.061111
0 0.571354 0.082870 0.033333 0.030556
0 0.254427 0.805556 0.030729 0.033333
0 0.575000 0.392593 0.033333 0.048148
0 0.732031 0.053241 0.021354 0.056481
0 0.843750 0.753704 0.038542 0.035185
0 0.874479 0.704167 0.020833 0.067593
0 0.368229 0.267593 0.027083 0.027778
0 0.015104 0.518056 0.030208 0.047222
0 0.591406 0.295370 0.020313 0.059259
0 0.604427 0.406944 0.034896 0.034259
0 0.541406 0.041667 0.033854 0.050000
0 0.579688 0.542593 0.018750 0.050000
0 0.124479 0.265278 0.044792 0.032407
0 0.375260 0.356944 0.021354 0.047222
0 0.136198 0.020370 0.046354 0.035185
0 0.189062 0.731944 0.037500 0.037963
0 0.289323 0.176389 0.018229 0.099074
0 0.494531 0.723148 0.033854 0.062963
0 0.126562 0.395833 0.044792 0.075000
0 0.608333 0.813426 0.020833 0.082407
0 0.663281 0.898148 0.025521 0.059259
0 0.916406 0.471759 0.029687 0.062037
0 0.930729 0.182407 0.045833 0.040741
0 0.571354 0.155556 0.025000 0.057407
0 0.557031 0.036574 0.019271 0.073148
0 0.125260 0.330093 0.035937 0.071296
0 0.785156 0.502778 0.033854 0.059259
0 0.720052 0.332407 0.040104 0.040741
