0 0.440809 0.285645 0.022794 0.028320
0 0.456250 0.835938 0.021324 0.039062
0 0.847426 0.839355 0.022794 0.040039
0 0.137868 0.837891 0.022794 0.029297
0 0.550735 0.092773 0.025000 0.029297
0 0.419853 0.403809 0.019118 0.049805
0 0.808824 0.981445 0.023529 0.031250
0 0.705515 0.708984 0.028676 0.031250
0 0.458088 0.583984 0.027941 0.023438
0 0.127206 0.753906 0.030882 0.025391
0 0.933824 0.575684 0.017647 0.038086
0 0.576838 0.712891 0.025735 0.023438
0 0.064706 0.745605 0.020588 0.047852
0 0.085294 0.578613 0.026471 0.032227
