0 0.739583 0.504950 0.023611 0.049505
0 0.009722 0.059406 0.022222 0.034653
0 0.122222 0.875000 0.022222 0.047030
0 0.417361 0.081683 0.034722 0.039604
0 0.209722 0.233911 0.019444 0.086634
0 0.754861 0.569307 0.034722 0.034653
0 0.615972 0.173267 0.023611 0.069307
0 0.479861 0.809406 0.026389 0.044554
0 0.875694 0.214109 0.037500 0.042079
0 0.656250 0.039604 0.043056 0.084158
0 0.873611 0.764851 0.027778 0.074257
0 0.575694 0.831683 0.026389 0.064356
0 0.419444 0.930693 0.025000 0.039604
0 0.019444 0.230198 0.038889 0.044554
