0 0.539841 0.940556 0.105724 0.045926
0 0.446372 0.647514 0.045870 0.095028
0 0.728484 0.425444 0.085094 0.041630
0 0.309245 0.706250 0.075781 0.027315
0 0.189424 0.790806 0.055932 0.048278
0 0.297831 0.530810 0.016495 0.083843
0 0.188339 0.889708 0.049594 0.034972
0 0.213878 0.063625 0.047547 0.084657
0 0.570755 0.624602 0.062344 0.062167
0 0.181138 0.299317 0.044023 0.062831
0 0.982850 0.349471 0.027902 0.083774
0 0.694841 0.570481 0.037202 0.056217
0 0.683061 0.512610 0.035962 0.048501
0 0.242794 0.217783 0.050656 0.063420
