0 0.506510 0.505093 0.043229 0.052778
0 0.486979 0.530093 0.027083 0.095370
0 0.666406 0.790741 0.022396 0.057407
0 0.193229 0.817130 0.028125 0.078704
0 0.640625 0.018519 0.038542 0.033333
0 0.159375 0.018056 0.030208 0.036111
0 0.369531 0.340741 0.035937 0.029630
0 0.982031 0.530093 0.035937 0.062037
0 0.839063 0.733796 0.041667 0.056481
0 0.549479 0.217593 0.046875 0.064815
0 0.703385 0.571296 0.041146 0.064815
0 0.770052 0.292130 0.041146 0.039815
0 0.222656 0.812037 0.032813 0.059259
0 0.105729 0.481481 0.034375 0.029630
