0 0.311500 0.076042 0.015708 0.081713
0 0.366958 0.127440 0.038083 0.045620
0 0.589576 0.158931 0.061443 0.034528
0 0.501547 0.432630 0.031219 0.072667
0 0.394690 0.420588 0.012297 0.067102
0 0.388958 0.483565 0.042500 0.026389
0 0.561063 0.250157 0.039833 0.022537
0 0.969631 0.248896 0.045513 0.047792
0 0.886927 0.452773 0.041562 0.070361
0 0.679310 0.823023 0.053411 0.066417
0 0.442596 0.834597 0.045609 0.024750
0 0.163862 0.940185 0.048557 0.050741
0 0.262549 0.300639 0.021974 0.040167
0 0.285497 0.231412 0.050161 0.073935
0 0.409010 0.124662 0.014896 0.058583
0 0.613013 0.368718 0.035401 0.037435
0 0.565753 0.362468 0.020047 0.065676
0 0.654177 0.699375 0.028146 0.069120
0 0.896794 0.754718 0.030047 0.064991
0 0.813188 0.842940 0.025333 0.078472
0 0.229167 0.225071 0.029647 0.078348
0 0.142628 0.459402 0.024840 0.068376
0 0.088141 0.563390 0.020032 0.062678
0 0.045272 0.660256 0.046474 0.045584
0 0.026442 0.705128 0.045673 0.049858
0 0.125401 0.722934 0.035256 0.062678
0 0.540865 0.573362 0.018429 0.059829
0 0.532051 0.464387 0.029647 0.035613
0 0.521635 0.886040 0.018429 0.066952
0 0.516506 0.964281 0.014583 0.069587
0 0.423077 0.102564 0.021635 0.064103
