0 0.357552 0.554630 0.038021 0.042593
0 0.188802 0.013426 0.035937 0.026852
0 0.132812 0.818519 0.047917 0.094444
0 0.305729 0.435185 0.016667 0.044444
0 0.993490 0.062500 0.013021 0.069444
0 0.376563 0.893056 0.015625 0.041667
0 0.318229 0.426852 0.020833 0.035185
0 0.536458 0.804167 0.027083 0.030556
0 0.477604 0.694907 0.019792 0.036111
0 0.909635 0.502778 0.032813 0.038889
0 0.143750 0.827315 0.032292 0.108333
0 0.083073 0.634259 0.028646 0.048148
0 0.628125 0.256944 0.028125 0.043519
0 0.331250 0.768056 0.021875 0.052778
0 0.462240 0.618056 0.013021 0.045370
0 0.477604 0.076389 0.021875 0.062037
0 0.392708 0.956944 0.023958 0.078704
0 0.252604 0.943981 0.023958 0.089815
0 0.412760 0.542593 0.021354 0.027778
0 0.219531 0.968056 0.039062 0.058333
0 0.556510 0.060185 0.045312 0.044444
0 0.227604 0.220370 0.021875 0.053704
0 0.888281 0.920833 0.016146 0.052778
0 0.271354 0.725926 0.015625 0.057407
0 0.760156 0.340741 0.028646 0.057407
0 0.463281 0.487037 0.035937 0.029630
0 0.694531 0.780093 0.033854 0.047222
0 0.471354 0.276389 0.016667 0.049074
0 0.044531 0.656019 0.041146 0.037963
0 0.748177 0.693056 0.017188 0.056481
0 0.550260 0.102778 0.036979 0.027778
0 0.607031 0.098611 0.017188 0.045370
0 0.175781 0.217130 0.040104 0.067593
0 0.550000 0.754630 0.026042 0.038889
0 0.752604 0.964352 0.022917 0.067593
0 0.220052 0.653704 0.068229 0.053704
0 0.671354 0.112500 0.023958 0.076852
0 0.916406 0.319444 0.019271 0.053704
0 0.533333 0.550000 0.026042 0.044444
0 0.711458 0.953704 0.027083 0.046296
0 0.902865 0.371759 0.025521 0.056481
0 0.267708 0.356481 0.020833 0.061111
0 0.581250 0.967593 0.036458 0.040741
0 0.319010 0.802778 0.021354 0.092593
0 0.688281 0.406944 0.026562 0.039815
0 0.760156 0.430093 0.029687 0.026852
0 0.626302 0.661111 0.010937 0.044444
