0 0.117672 0.094231 0.024927 0.086611
0 0.417977 0.552931 0.024495 0.074380
0 0.543674 0.819514 0.030057 0.039028
0 0.430714 0.776394 0.021844 0.071306
0 0.756611 0.860399 0.034054 0.035613
0 0.921552 0.685106 0.030604 0.066509
0 0.737852 0.387375 0.038203 0.065491
0 0.634508 0.157560 0.010682 0.054009
0 0.614898 0.180870 0.018339 0.037667
0 0.607130 0.239829 0.014260 0.055583
0 0.430820 0.030921 0.018932 0.061843
0 0.405505 0.407069 0.012052 0.067843
0 0.534455 0.881766 0.015224 0.047009
0 0.772436 0.842593 0.026442 0.037037
0 0.878606 0.289174 0.046474 0.035613
0 0.979167 0.336182 0.026442 0.055556
0 0.830929 0.167379 0.020032 0.051282
0 0.420272 0.334758 0.041667 0.032764
0 0.376202 0.312678 0.049679 0.065527
0 0.152244 0.108974 0.039263 0.042735
0 0.188301 0.795584 0.044071 0.042735
0 0.076522 0.682336 0.052885 0.032764
0 0.123798 0.816952 0.043269 0.051282
0 0.600160 0.536325 0.021635 0.048433
0 0.660657 0.821225 0.014423 0.054131
