0 0.384703 0.620653 0.043365 0.119083
0 0.218320 0.868486 0.052266 0.116602
0 0.054346 0.406560 0.073276 0.033491
0 0.023005 0.659106 0.035594 0.064509
0 0.187438 0.659750 0.032167 0.076907
0 0.669789 0.322977 0.051036 0.057065
0 0.602792 0.554171 0.024333 0.065750
0 0.810872 0.451819 0.025911 0.116602
0 0.850680 0.449458 0.044068 0.032250
0 0.682987 0.056056 0.028474 0.080630
0 0.306422 0.021088 0.044094 0.042176
0 0.340070 0.023569 0.028057 0.047139
0 0.162620 0.256319 0.033573 0.060787
0 0.560935 0.634699 0.046870 0.054583
0 0.615260 0.726014 0.035729 0.037213
0 0.607818 0.663958 0.046885 0.029769
0 0.750474 0.530671 0.025948 0.048380
0 0.985576 0.857907 0.028443 0.080630
0 0.963036 0.448370 0.050031 0.093037
0 0.941641 0.307019 0.031198 0.095519
