0 0.583148 0.227171 0.016297 0.076565
0 0.377169 0.263546 0.030380 0.075241
0 0.253659 0.300866 0.025026 0.073954
0 0.623005 0.671009 0.019969 0.086463
0 0.506883 0.688074 0.014807 0.074296
0 0.369089 0.565315 0.038177 0.036185
0 0.282977 0.616977 0.044078 0.052472
0 0.476641 0.906722 0.022031 0.070852
0 0.735734 0.829028 0.036052 0.054352
0 0.926943 0.438435 0.030969 0.030574
0 0.958690 0.345139 0.058005 0.042130
0 0.129148 0.322426 0.027047 0.039296
0 0.186987 0.384676 0.033349 0.067500
0 0.991880 0.162625 0.016052 0.062287
0 0.980445 0.058556 0.039016 0.043037
0 0.982440 0.506093 0.034672 0.028852
0 0.388865 0.903310 0.027729 0.051065
0 0.566510 0.969194 0.027813 0.055056
0 0.898531 0.835889 0.037687 0.071778
0 0.926799 0.570065 0.040057 0.049389
