0 0.312281 0.125130 0.012062 0.087296
0 0.350615 0.150134 0.013729 0.063231
0 0.496859 0.461111 0.030177 0.068519
0 0.533974 0.476171 0.031490 0.052343
0 0.554813 0.264981 0.021083 0.052185
0 0.601174 0.188759 0.032557 0.044185
0 0.858245 0.438875 0.044615 0.042565
0 0.972716 0.252477 0.031891 0.036435
0 0.379911 0.481255 0.051490 0.068065
0 0.642846 0.758190 0.022151 0.066380
0 0.680711 0.837843 0.014547 0.059019
0 0.709135 0.829273 0.017229 0.054843
0 0.823083 0.825796 0.026375 0.034926
0 0.892888 0.772315 0.022234 0.079815
0 0.034677 0.697755 0.036021 0.052917
0 0.430359 0.857750 0.036760 0.034019
0 0.522792 0.922588 0.028917 0.034065
0 0.607685 0.973611 0.014328 0.052778
0 0.462089 0.021389 0.039802 0.042778
0 0.568357 0.394421 0.025255 0.064769
0 0.620956 0.414333 0.022120 0.039778
0 0.232755 0.220528 0.017594 0.055870
0 0.407187 0.127907 0.016458 0.055815
0 0.270229 0.328431 0.013375 0.058713
0 0.088141 0.567664 0.024840 0.042735
0 0.121394 0.725783 0.028846 0.051282
0 0.545673 0.592593 0.016827 0.064103
0 0.520833 0.975783 0.021635 0.035613
0 0.436298 0.025641 0.017628 0.041311
