0 0.010156 0.486111 0.021354 0.057407
0 0.390885 0.930093 0.023438 0.067593
0 0.474479 0.527778 0.023958 0.064815
0 0.363281 0.076852 0.020313 0.062963
0 0.894010 0.143056 0.038021 0.043519
0 0.144531 0.546759 0.055729 0.037963
0 0.664062 0.117593 0.031250 0.061111
0 0.335677 0.135185 0.028646 0.072222
0 0.766927 0.192593 0.022396 0.083333
0 0.412760 0.518981 0.043229 0.043519
0 0.928906 0.705093 0.029687 0.039815
0 0.948958 0.512037 0.038542 0.053704
0 0.469531 0.864815 0.039062 0.064815
