0 0.062711 0.404630 0.065005 0.046296
0 0.838977 0.447338 0.086286 0.094676
0 0.919724 0.177546 0.060281 0.090278
0 0.560023 0.639352 0.062755 0.087963
0 0.605607 0.554861 0.044547 0.076389
0 0.221289 0.874306 0.071745 0.113426
0 0.215938 0.736574 0.076667 0.097222
0 0.022380 0.687963 0.044760 0.083333
0 0.336547 0.025463 0.031427 0.050926
0 0.303560 0.023611 0.036286 0.041667
0 0.883911 0.130787 0.035531 0.048611
0 0.384732 0.585648 0.044464 0.069444
0 0.273776 0.964583 0.039219 0.062500
0 0.364286 0.752315 0.043156 0.106481
0 0.983333 0.847685 0.033333 0.060185
