0 0.153472 0.801980 0.031944 0.039604
0 0.723611 0.544554 0.030556 0.039604
0 0.229861 0.551980 0.026389 0.049505
0 0.868750 0.616337 0.034722 0.039604
0 0.834722 0.650990 0.041667 0.034653
0 0.103472 0.131188 0.037500 0.054455
0 0.670139 0.627475 0.034722 0.032178
0 0.313889 0.503713 0.052778 0.091584
0 0.057639 0.034653 0.059722 0.039604
0 0.511111 0.429455 0.036111 0.066832
0 0.226389 0.155941 0.041667 0.049505
0 0.817361 0.871287 0.029167 0.054455
0 0.638889 0.535891 0.036111 0.056931
0 0.781250 0.970297 0.031944 0.049505
0 0.857639 0.954208 0.054167 0.071782
0 0.167361 0.522277 0.043056 0.044554
