0 0.140430 0.127671 0.043359 0.033120
0 0.184568 0.166579 0.056635 0.073898
0 0.374768 0.067009 0.032870 0.067352
0 0.460266 0.045477 0.027823 0.090954
0 0.717547 0.380074 0.095510 0.119407
0 0.762987 0.473616 0.043682 0.067602
0 0.910617 0.163560 0.062901 0.043787
0 0.819570 0.080676 0.015182 0.109500
0 0.656625 0.030653 0.025750 0.061306
0 0.733305 0.047560 0.046818 0.067343
0 0.372620 0.222843 0.055656 0.069759
0 0.326078 0.256565 0.034448 0.061278
0 0.047740 0.099199 0.024646 0.090991
0 0.209039 0.464120 0.052453 0.061574
0 0.113352 0.511819 0.030870 0.055120
0 0.230260 0.531495 0.040729 0.042620
0 0.290304 0.551923 0.024359 0.074217
0 0.308245 0.779727 0.026906 0.077972
0 0.229870 0.791995 0.052448 0.050657
0 0.268927 0.883694 0.026396 0.085907
0 0.408826 0.888556 0.017651 0.080815
0 0.453622 0.949444 0.054120 0.032222
0 0.567966 0.627134 0.028641 0.072787
0 0.635404 0.671588 0.048932 0.050583
0 0.726841 0.698444 0.065141 0.030222
0 0.698805 0.730167 0.058026 0.041815
0 0.676743 0.790527 0.039944 0.069943
0 0.756089 0.948148 0.026760 0.103704
0 0.877125 0.371495 0.071958 0.042991
0 0.830424 0.305509 0.025432 0.090648
0 0.963997 0.710491 0.037370 0.069130
0 0.974219 0.780556 0.051562 0.037037
0 0.960216 0.943519 0.036057 0.112963
0 0.846958 0.731333 0.057458 0.086741
0 0.887026 0.942046 0.031344 0.091500
0 0.832982 0.943667 0.027422 0.107704
0 0.402182 0.395574 0.046031 0.035593
0 0.343391 0.397662 0.060740 0.045324
0 0.386685 0.462065 0.027536 0.094500
0 0.150578 0.331444 0.069906 0.086963
0 0.145766 0.386847 0.076948 0.036657
0 0.046177 0.284444 0.021521 0.128148
0 0.442945 0.673444 0.028599 0.091333
0 0.018029 0.071937 0.033654 0.019943
0 0.123397 0.053419 0.039263 0.102564
0 0.185096 0.031339 0.018429 0.058405
0 0.023237 0.371083 0.018429 0.062678
0 0.034054 0.336182 0.038462 0.052707
0 0.028846 0.260684 0.021635 0.064103
0 0.017628 0.552707 0.034455 0.092593
0 0.014022 0.704416 0.027244 0.091168
0 0.048077 0.696581 0.061699 0.089744
0 0.121795 0.643875 0.047276 0.055556
0 0.151442 0.551994 0.032853 0.059829
0 0.094551 0.725783 0.034455 0.059829
0 0.155048 0.740028 0.041667 0.056980
0 0.090144 0.915954 0.024038 0.081197
0 0.057692 0.781339 0.037660 0.045584
0 0.017228 0.790598 0.030449 0.035613
0 0.254006 0.693020 0.036058 0.065527
0 0.200721 0.739316 0.020833 0.101140
0 0.169071 0.799858 0.037660 0.054131
0 0.289663 0.851852 0.024038 0.044160
0 0.351763 0.935185 0.063301 0.062678
0 0.390224 0.954416 0.031250 0.061254
0 0.364941 0.973540 0.020747 0.051068
0 0.344952 0.841880 0.044872 0.052707
0 0.353766 0.801282 0.022436 0.088319
0 0.403446 0.772080 0.024038 0.061254
0 0.341346 0.732906 0.032853 0.051282
0 0.363782 0.682336 0.021635 0.058405
0 0.393830 0.606838 0.030449 0.069801
0 0.274439 0.465812 0.030449 0.049858
0 0.232772 0.340456 0.019231 0.072650
0 0.270833 0.222934 0.036058 0.105413
0 0.267228 0.022792 0.014423 0.041311
0 0.415064 0.078348 0.021635 0.069801
0 0.387019 0.125356 0.029647 0.066952
0 0.469151 0.524217 0.032051 0.047009
0 0.490385 0.526353 0.031250 0.039886
0 0.518029 0.494302 0.046474 0.029915
0 0.551683 0.443732 0.038462 0.039886
0 0.574920 0.438034 0.044872 0.059829
0 0.595753 0.478632 0.038462 0.052707
0 0.487981 0.375356 0.050481 0.042735
0 0.526042 0.376781 0.043269 0.076923
0 0.498798 0.324786 0.028846 0.052707
0 0.544471 0.269231 0.035256 0.061254
0 0.493590 0.094729 0.042468 0.037037
0 0.574519 0.055556 0.045673 0.069801
0 0.574920 0.135328 0.051282 0.047009
0 0.574920 0.253561 0.024038 0.049858
0 0.594151 0.233618 0.025641 0.072650
0 0.656651 0.235043 0.040064 0.047009
0 0.695513 0.160256 0.031250 0.088319
0 0.688702 0.097578 0.040064 0.037037
0 0.719551 0.084046 0.034455 0.069801
0 0.752404 0.121795 0.031250 0.079772
0 0.770433 0.043447 0.046474 0.074074
0 0.846154 0.022792 0.042468 0.032764
0 0.867788 0.074074 0.056891 0.038462
0 0.914663 0.032051 0.036859 0.059829
0 0.911058 0.108262 0.055288 0.049858
0 0.925080 0.136752 0.025641 0.084046
0 0.856170 0.138889 0.051282 0.042735
0 0.838141 0.170228 0.050481 0.037037
0 0.853766 0.196581 0.041667 0.044160
0 0.807692 0.240028 0.023237 0.076923
0 0.875801 0.289886 0.021635 0.074074
0 0.922676 0.304843 0.038462 0.044160
0 0.951923 0.294872 0.026442 0.066952
0 0.975962 0.180912 0.045673 0.029915
0 0.341346 0.462251 0.036058 0.088319
0 0.557292 0.743590 0.035256 0.098291
0 0.563301 0.860399 0.028045 0.064103
0 0.618590 0.784900 0.021635 0.086895
0 0.657853 0.881766 0.034455 0.081197
0 0.697516 0.943732 0.049679 0.048433
0 0.706979 0.984224 0.011522 0.029701
0 0.792067 0.980769 0.016026 0.034188
0 0.976528 0.967842 0.026913 0.062464
0 0.828526 0.815527 0.052083 0.125356
0 0.738782 0.783476 0.045673 0.035613
0 0.931090 0.633903 0.024840 0.078348
0 0.971955 0.560541 0.024840 0.088319
0 0.993530 0.550620 0.011899 0.131154
0 0.957933 0.475071 0.022436 0.062678
0 0.900641 0.495726 0.032853 0.066952
0 0.855769 0.478632 0.044071 0.075499
0 0.739583 0.315527 0.028045 0.105413
0 0.777244 0.400997 0.060096 0.068376
0 0.782853 0.471510 0.034455 0.052707
0 0.814503 0.530627 0.027244 0.094017
0 0.804888 0.608262 0.059295 0.072650
0 0.748798 0.615385 0.054487 0.044160
0 0.752804 0.663818 0.027244 0.044160
0 0.593750 0.358262 0.056891 0.056980
0 0.616587 0.378917 0.046474 0.061254
0 0.622196 0.457977 0.012821 0.068376
0 0.645433 0.507123 0.036859 0.047009
0 0.688702 0.514245 0.052885 0.049858
0 0.705529 0.465812 0.051282 0.044160
0 0.696715 0.618946 0.027244 0.054131
0 0.697115 0.659544 0.040865 0.055556
0 0.637420 0.619658 0.041667 0.052707
