0 0.403906 0.313889 0.018229 0.066667
0 0.482031 0.456481 0.032813 0.053704
0 0.994531 0.507870 0.010937 0.069444
0 0.697135 0.796759 0.035937 0.056481
0 0.228906 0.806481 0.047396 0.070370
0 0.752083 0.237963 0.017708 0.068519
0 0.140104 0.555556 0.040625 0.059259
0 0.526823 0.208333 0.059896 0.038889
0 0.565104 0.202778 0.041667 0.053704
0 0.771875 0.517130 0.041667 0.047222
0 0.503906 0.505093 0.049479 0.060185
0 0.909635 0.690741 0.028646 0.070370
0 0.152083 0.025926 0.033333 0.051852
