0 0.027237 0.634259 0.043016 0.055556
0 0.411886 0.243785 0.034960 0.072298
0 0.339112 0.115043 0.036387 0.048199
0 0.149607 0.332081 0.042650 0.025653
0 0.266219 0.256944 0.031396 0.041667
0 0.258859 0.974847 0.066677 0.042287
0 0.362255 0.828963 0.025552 0.111630
0 0.475141 0.918407 0.016948 0.060889
0 0.463833 0.891556 0.028708 0.060889
0 0.549229 0.780949 0.015696 0.088787
0 0.719773 0.917278 0.058297 0.045667
0 0.379781 0.700213 0.032479 0.054130
0 0.407664 0.642241 0.026786 0.065963
0 0.911771 0.719537 0.045417 0.076111
0 0.905680 0.600056 0.031151 0.096407
0 0.983687 0.777704 0.033000 0.040593
0 0.937812 0.492884 0.062083 0.052435
0 0.938604 0.459514 0.056375 0.072731
0 0.617299 0.211644 0.042932 0.047361
0 0.465612 0.067481 0.045807 0.060889
0 0.029914 0.906009 0.049411 0.049056
0 0.729737 0.408676 0.015696 0.021563
0 0.532106 0.926180 0.015696 0.039320
0 0.767195 0.286910 0.029252 0.044394
0 0.460759 0.659817 0.018550 0.019026
0 0.124358 0.193049 0.034960 0.029173
0 0.141124 0.149924 0.032820 0.052004
0 0.844959 0.971188 0.012121 0.055771
