0 0.770312 0.238889 0.019792 0.057407
0 0.016927 0.032407 0.031771 0.053704
0 0.015365 0.497685 0.031771 0.060185
0 0.376302 0.068056 0.031771 0.039815
0 0.126562 0.485185 0.042708 0.035185
0 0.962760 0.506944 0.028646 0.041667
0 0.664062 0.120833 0.044792 0.041667
0 0.484635 0.534259 0.016146 0.059259
0 0.913281 0.173148 0.029687 0.051852
0 0.928385 0.701389 0.023438 0.087963
0 0.391146 0.907407 0.026042 0.068519
0 0.343490 0.173148 0.025521 0.061111
0 0.428125 0.518981 0.031250 0.062037
0 0.473958 0.863426 0.037500 0.039815
