0 0.089583 0.032178 0.037500 0.049505
0 0.236111 0.681931 0.022222 0.042079
0 0.407639 0.314356 0.037500 0.044554
0 0.893750 0.837871 0.015278 0.061881
0 0.167361 0.559406 0.034722 0.044554
0 0.219444 0.841584 0.025000 0.069307
0 0.820833 0.871287 0.033333 0.054455
0 0.062500 0.074257 0.030556 0.044554
0 0.040972 0.368812 0.020833 0.069307
0 0.672222 0.628713 0.033333 0.029703
0 0.836111 0.069307 0.030556 0.064356
0 0.551389 0.435644 0.022222 0.069307
0 0.136111 0.929455 0.022222 0.056931
0 0.782639 0.969059 0.034722 0.047030
0 0.478472 0.425743 0.037500 0.094059
0 0.486111 0.313119 0.041667 0.091584
