0 0.255368 0.563291 0.022500 0.050410
0 0.077713 0.578857 0.024544 0.036621
0 0.187868 0.636772 0.019853 0.025498
0 0.252772 0.910635 0.037897 0.041973
0 0.726243 0.883721 0.017191 0.040879
0 0.818750 0.987305 0.034559 0.025391
0 0.718426 0.270571 0.038324 0.025518
0 0.708632 0.412085 0.020206 0.039014
0 0.801765 0.251182 0.021176 0.029707
0 0.099504 0.388320 0.035772 0.036406
0 0.693790 0.691548 0.022875 0.023721
0 0.685493 0.660991 0.031279 0.025107
0 0.047863 0.706948 0.013198 0.047576
