0 0.965104 0.503704 0.027083 0.085185
0 0.016406 0.492593 0.033854 0.051852
0 0.774740 0.199537 0.019271 0.060185
0 0.141406 0.487963 0.033854 0.062963
0 0.150260 0.560648 0.023438 0.056481
0 0.478906 0.532407 0.016146 0.061111
0 0.654427 0.122685 0.033854 0.045370
0 0.393750 0.920833 0.025000 0.071296
0 0.478906 0.855093 0.045312 0.063889
0 0.908333 0.161574 0.027083 0.073148
0 0.932031 0.704630 0.032813 0.057407
0 0.345052 0.168981 0.032813 0.076852
0 0.428385 0.527778 0.039062 0.048148
