0 0.725191 0.274082 0.029794 0.036445
0 0.709107 0.701494 0.035860 0.037754
0 0.841259 0.558002 0.020713 0.035761
0 0.870798 0.832212 0.059243 0.025752
0 0.727857 0.762778 0.027772 0.037275
0 0.434842 0.765225 0.021154 0.044121
0 0.085386 0.574429 0.032537 0.027764
0 0.022585 0.337646 0.023110 0.048340
0 0.287563 0.527041 0.025125 0.040410
0 0.241710 0.933799 0.027537 0.059004
0 0.838438 0.981890 0.023934 0.036045
0 0.601848 0.288779 0.036450 0.050915
0 0.547214 0.085218 0.043344 0.020559
