0 0.423958 0.975463 0.042708 0.045370
0 0.312760 0.592593 0.033854 0.061111
0 0.865104 0.747685 0.020833 0.058333
0 0.738802 0.573611 0.027604 0.030556
0 0.457031 0.209259 0.027604 0.061111
0 0.861979 0.677778 0.028125 0.061111
0 0.035156 0.581019 0.049479 0.032407
0 0.688281 0.780093 0.017188 0.056481
0 0.583333 0.915741 0.014583 0.053704
0 0.422135 0.365278 0.025521 0.065741
0 0.223438 0.859722 0.028125 0.071296
0 0.128906 0.734259 0.043229 0.037037
0 0.366406 0.025463 0.027604 0.050926
0 0.846354 0.939815 0.040625 0.035185
0 0.303906 0.785648 0.029687 0.037963
0 0.697656 0.282870 0.020313 0.073148
0 0.369531 0.694907 0.028646 0.063889
0 0.670052 0.617593 0.033854 0.046296
0 0.890885 0.754630 0.031771 0.075926
0 0.470833 0.678241 0.033333 0.063889
0 0.963802 0.351852 0.028646 0.070370
0 0.758854 0.805093 0.036458 0.025000
0 0.483333 0.572685 0.020833 0.069444
0 0.882552 0.413889 0.029687 0.057407
0 0.881510 0.412037 0.029687 0.057407
0 0.005729 0.733333 0.011458 0.061111
