0 0.545573 0.456912 0.010937 0.074935
0 0.561513 0.475412 0.036568 0.037861
0 0.371219 0.398593 0.034104 0.056444
0 0.319266 0.855421 0.041656 0.110843
0 0.878367 0.926667 0.040068 0.114444
0 0.982076 0.828699 0.033943 0.094435
0 0.939089 0.304366 0.038594 0.069843
0 0.428008 0.112593 0.024766 0.067778
0 0.065191 0.543474 0.087426 0.061728
0 0.395052 0.747399 0.024182 0.074956
0 0.508519 0.863690 0.050223 0.034171
0 0.841481 0.046892 0.053943 0.038580
0 0.754675 0.082165 0.025422 0.071649
