0 0.309852 0.054509 0.030120 0.088648
0 0.122581 0.271005 0.024328 0.058676
0 0.134313 0.171907 0.033208 0.097519
0 0.211516 0.132542 0.024073 0.083602
0 0.208388 0.234421 0.038651 0.065139
0 0.382128 0.242292 0.049672 0.053102
0 0.260206 0.344176 0.022495 0.071685
0 0.213336 0.426139 0.053755 0.022648
0 0.236268 0.481023 0.060036 0.063898
0 0.568620 0.150139 0.016406 0.100278
0 0.604820 0.375435 0.025266 0.073093
0 0.661602 0.427769 0.015911 0.075907
0 0.747029 0.356222 0.032599 0.095778
0 0.669513 0.614856 0.049443 0.044528
0 0.702451 0.735495 0.054901 0.048769
0 0.113612 0.636162 0.036599 0.050102
0 0.040667 0.117259 0.029250 0.099333
0 0.050956 0.186491 0.041495 0.058167
0 0.197846 0.772088 0.024859 0.112694
0 0.276997 0.904769 0.047745 0.103981
0 0.341495 0.872583 0.037156 0.119241
0 0.413253 0.830903 0.026505 0.091435
0 0.653656 0.829051 0.039604 0.106250
0 0.718898 0.928148 0.068005 0.063704
0 0.805560 0.652139 0.042370 0.048722
0 0.854336 0.593787 0.057630 0.061648
0 0.932997 0.582907 0.025370 0.080630
0 0.947721 0.764903 0.055859 0.048324
0 0.829596 0.957093 0.028984 0.069741
0 0.871919 0.965657 0.051130 0.055389
0 0.528766 0.437259 0.021073 0.063407
0 0.526044 0.314995 0.059380 0.041102
0 0.516544 0.371806 0.037255 0.062130
0 0.364094 0.417579 0.047979 0.057380
0 0.401404 0.425222 0.021557 0.076370
0 0.408747 0.612778 0.040411 0.071852
0 0.479148 0.558597 0.034339 0.083861
0 0.101635 0.486347 0.033479 0.068991
0 0.108906 0.368718 0.038646 0.055954
0 0.168269 0.039174 0.061699 0.045584
0 0.010417 0.418803 0.018429 0.075499
0 0.019832 0.508589 0.039663 0.044243
0 0.056891 0.605413 0.020032 0.092593
0 0.055288 0.667379 0.044071 0.045584
0 0.024840 0.732906 0.042468 0.079772
0 0.055689 0.738604 0.033654 0.062678
0 0.091346 0.752849 0.029647 0.139601
0 0.152644 0.757835 0.060897 0.064103
0 0.105769 0.913105 0.048878 0.084046
0 0.022436 0.933048 0.031250 0.075499
0 0.009816 0.897436 0.019631 0.049858
0 0.226362 0.934473 0.027244 0.086895
0 0.221852 0.980662 0.040659 0.036823
0 0.275904 0.984224 0.038187 0.029701
0 0.383406 0.970691 0.043284 0.056766
0 0.332933 0.754274 0.041667 0.079772
0 0.363782 0.752137 0.036058 0.061254
0 0.265224 0.737892 0.024840 0.084046
0 0.286458 0.720798 0.024038 0.075499
0 0.310096 0.716524 0.031250 0.072650
0 0.338542 0.673077 0.038462 0.048433
0 0.247997 0.616097 0.046474 0.039886
0 0.272035 0.553419 0.048077 0.034188
0 0.329728 0.564815 0.036859 0.071225
0 0.291667 0.259259 0.031250 0.089744
0 0.278045 0.078348 0.029647 0.081197
0 0.388622 0.136040 0.048878 0.048433
0 0.444311 0.136040 0.041667 0.039886
0 0.475160 0.287037 0.037660 0.085470
0 0.489183 0.439459 0.038462 0.059829
0 0.463141 0.487179 0.016827 0.101140
0 0.553686 0.457977 0.024840 0.059829
0 0.573718 0.409544 0.031250 0.096866
0 0.629006 0.487892 0.037660 0.039886
0 0.621394 0.521368 0.019231 0.095442
0 0.573718 0.631054 0.024840 0.058405
0 0.557692 0.739316 0.021635 0.084046
0 0.562099 0.854701 0.028846 0.066952
0 0.612179 0.648148 0.040865 0.069801
0 0.624599 0.714387 0.033654 0.074074
0 0.633413 0.586182 0.033654 0.113960
0 0.738782 0.603276 0.032853 0.076923
0 0.746394 0.663818 0.038462 0.044160
0 0.748397 0.719373 0.053686 0.061254
0 0.708333 0.769943 0.037660 0.042735
0 0.823317 0.725783 0.024038 0.096866
0 0.832131 0.814815 0.046474 0.109687
0 0.807365 0.975677 0.031906 0.046795
0 0.627804 0.312678 0.036859 0.065527
0 0.551282 0.257123 0.024840 0.074074
0 0.602163 0.169516 0.022436 0.075499
0 0.615785 0.144587 0.025641 0.048433
0 0.609776 0.032051 0.023237 0.059829
0 0.649840 0.065527 0.018429 0.095442
0 0.677083 0.043447 0.034455 0.042735
0 0.699119 0.103989 0.035256 0.101140
0 0.651843 0.185185 0.032051 0.075499
0 0.667468 0.237892 0.040865 0.058405
0 0.714343 0.268519 0.051282 0.076923
0 0.740785 0.266382 0.049679 0.041311
0 0.776843 0.410969 0.052885 0.045584
0 0.724760 0.356838 0.022436 0.085470
0 0.705929 0.358974 0.020032 0.098291
0 0.706330 0.435185 0.032051 0.071225
0 0.723157 0.513533 0.028846 0.074074
0 0.753606 0.554843 0.035256 0.096866
0 0.862580 0.771368 0.052885 0.079772
0 0.979924 0.976389 0.037572 0.045370
0 0.985917 0.913392 0.027123 0.070374
0 0.910256 0.727920 0.024840 0.061254
0 0.928285 0.688746 0.033654 0.042735
0 0.988321 0.681471 0.022316 0.056675
0 0.967949 0.634615 0.042468 0.039886
0 0.986378 0.591880 0.021635 0.071225
0 0.824519 0.383191 0.040865 0.066952
0 0.956330 0.388889 0.046474 0.041311
0 0.902644 0.360399 0.044872 0.069801
0 0.845753 0.324786 0.046474 0.044160
0 0.798478 0.280627 0.027244 0.084046
0 0.837740 0.279202 0.019231 0.092593
0 0.898638 0.274217 0.032051 0.091168
0 0.932292 0.310541 0.046474 0.038462
0 0.958734 0.199430 0.056090 0.052707
0 0.879006 0.178063 0.018429 0.075499
0 0.794872 0.178063 0.039263 0.066952
0 0.832933 0.141026 0.044872 0.081197
0 0.775240 0.155271 0.044872 0.066952
0 0.770032 0.106838 0.076122 0.061254
0 0.758013 0.056980 0.036058 0.084046
0 0.747997 0.032764 0.030449 0.061254
0 0.791266 0.051282 0.041667 0.072650
0 0.836538 0.053419 0.024840 0.071225
0 0.868189 0.085470 0.056090 0.032764
0 0.868590 0.113960 0.037660 0.038462
0 0.867388 0.025641 0.032051 0.047009
0 0.894231 0.046296 0.066506 0.045584
0 0.637386 0.961432 0.033586 0.075285
0 0.677484 0.471510 0.024038 0.066952
0 0.435897 0.949430 0.071314 0.034188
0 0.125801 0.445157 0.031250 0.065527
