0 0.428125 0.975463 0.018750 0.037963
0 0.503906 0.849537 0.018229 0.028704
0 0.691406 0.547222 0.024479 0.031481
0 0.330990 0.396759 0.019271 0.041667
0 0.533333 0.339815 0.014583 0.031481
0 0.494010 0.162500 0.020313 0.037963
0 0.693229 0.395370 0.025000 0.025926
0 0.818490 0.205093 0.034896 0.030556
0 0.827083 0.371759 0.033333 0.032407
0 0.366927 0.905093 0.026562 0.032407
0 0.465104 0.253704 0.016667 0.040741
0 0.579427 0.212963 0.025521 0.020370
0 0.278125 0.879167 0.022917 0.039815
