0 0.418197 0.936523 0.040781 0.032826
0 0.496361 0.913135 0.069822 0.040211
0 0.859682 0.945961 0.037692 0.058265
0 0.901699 0.788808 0.024098 0.075499
0 0.831877 0.860204 0.035220 0.047597
0 0.386066 0.835995 0.017301 0.063189
0 0.251366 0.760086 0.034602 0.026261
0 0.481531 0.782653 0.022862 0.046777
0 0.947423 0.615243 0.041399 0.033646
0 0.876983 0.475323 0.032748 0.045956
0 0.543938 0.596778 0.038927 0.029543
0 0.253837 0.576672 0.028423 0.056624
0 0.028924 0.666533 0.029659 0.047597
0 0.098746 0.456449 0.030895 0.045956
0 0.115738 0.467527 0.078473 0.058265
0 0.278244 0.451525 0.037692 0.039391
0 0.948659 0.275497 0.050049 0.079602
0 0.940009 0.173738 0.036456 0.050059
0 0.834349 0.268522 0.062407 0.027902
0 0.802836 0.207794 0.016683 0.045956
0 0.827861 0.216821 0.034602 0.037749
0 0.680802 0.081826 0.019773 0.058265
0 0.543321 0.177431 0.037692 0.032826
0 0.500995 0.181534 0.048196 0.042673
0 0.496052 0.214360 0.040781 0.031184
0 0.163625 0.165531 0.044488 0.058265
0 0.140145 0.332942 0.038309 0.020516
0 0.119754 0.355920 0.028423 0.046777
0 0.146941 0.363306 0.023480 0.046777
0 0.058583 0.084698 0.023480 0.055804
0 0.238699 0.065003 0.030277 0.044315
0 0.243333 0.091263 0.051903 0.031184
0 0.235918 0.108087 0.042017 0.041853
0 0.187105 0.124089 0.011122 0.037749
0 0.166714 0.126141 0.022244 0.043494
0 0.473807 0.293141 0.017301 0.047597
0 0.394099 0.115062 0.039545 0.031184
0 0.338798 0.017816 0.030277 0.033646
