0 0.179861 0.115099 0.031944 0.051980
0 0.482639 0.353960 0.034722 0.069307
0 0.534722 0.311881 0.063889 0.049505
0 0.173611 0.564356 0.033333 0.044554
0 0.251389 0.673267 0.036111 0.034653
0 0.876389 0.825495 0.016667 0.066832
0 0.823611 0.873762 0.027778 0.044554
0 0.784028 0.970297 0.026389 0.044554
0 0.034722 0.564356 0.055556 0.054455
0 0.556944 0.349010 0.030556 0.064356
0 0.084722 0.050743 0.033333 0.086634
0 0.829861 0.080446 0.034722 0.056931
0 0.134028 0.936881 0.026389 0.071782
0 0.211111 0.746287 0.022222 0.066832
0 0.672222 0.627475 0.036111 0.032178
0 0.077083 0.176980 0.031944 0.071782
0 0.313889 0.292079 0.055556 0.059406
