0 0.157031 0.037037 0.034896 0.057407
0 0.987760 0.509259 0.024479 0.035185
0 0.483854 0.467593 0.038542 0.050000
0 0.230208 0.800926 0.039583 0.070370
0 0.521875 0.208333 0.051042 0.042593
0 0.502083 0.520370 0.048958 0.074074
0 0.393490 0.282407 0.019271 0.068519
0 0.562760 0.215741 0.042188 0.042593
0 0.685156 0.800000 0.047396 0.055556
0 0.753125 0.518981 0.035417 0.058333
0 0.910156 0.685185 0.036979 0.057407
0 0.192708 0.028241 0.033333 0.047222
0 0.144010 0.555093 0.043229 0.036111
0 0.133333 0.587037 0.037500 0.033333
