0 0.990972 0.959158 0.018056 0.056931
0 0.820833 0.866337 0.027778 0.049505
0 0.097222 0.160891 0.033333 0.064356
0 0.112500 0.049505 0.027778 0.069307
0 0.836111 0.647277 0.041667 0.037129
0 0.142361 0.798267 0.037500 0.037129
0 0.723611 0.544554 0.033333 0.039604
0 0.867361 0.965347 0.048611 0.049505
0 0.070139 0.655941 0.040278 0.044554
0 0.637500 0.545792 0.033333 0.047030
0 0.668750 0.625000 0.034722 0.032178
0 0.781944 0.966584 0.030556 0.051980
0 0.220833 0.157178 0.027778 0.076733
0 0.309028 0.522277 0.054167 0.039604
0 0.176389 0.545792 0.022222 0.071782
0 0.240972 0.548267 0.029167 0.071782
0 0.518750 0.399752 0.054167 0.056931
