0 0.458753 0.306949 0.026880 0.056491
0 0.382253 0.874097 0.052005 0.027824
0 0.513021 0.963426 0.018750 0.073148
0 0.577596 0.741236 0.022901 0.067657
0 0.378297 0.399255 0.029510 0.078139
0 0.249573 0.519713 0.027271 0.085722
0 0.487740 0.640812 0.031731 0.118661
0 0.470531 0.483810 0.045229 0.043546
0 0.684175 0.505484 0.047516 0.070228
0 0.742125 0.585736 0.028000 0.067769
0 0.853799 0.557384 0.027391 0.081435
0 0.901792 0.506093 0.036917 0.045519
0 0.080529 0.057692 0.067308 0.074074
0 0.074119 0.099715 0.044872 0.072650
0 0.065705 0.202279 0.053686 0.032764
0 0.025240 0.269231 0.027244 0.086895
0 0.013021 0.305002 0.026042 0.058721
0 0.020433 0.353276 0.036859 0.072650
0 0.099359 0.297721 0.028045 0.075499
0 0.105769 0.371083 0.028045 0.082621
0 0.036058 0.429487 0.026442 0.056980
0 0.019631 0.474359 0.036859 0.029915
0 0.081731 0.482906 0.039263 0.049858
0 0.082933 0.439459 0.046474 0.068376
0 0.022837 0.589031 0.040064 0.062678
0 0.048878 0.693732 0.040865 0.084046
0 0.020633 0.768340 0.041266 0.036681
0 0.025641 0.879630 0.045673 0.056980
0 0.063702 0.871083 0.036859 0.088319
0 0.072516 0.896011 0.052885 0.095442
0 0.106571 0.740741 0.047276 0.047009
0 0.119391 0.683048 0.031250 0.068376
0 0.110176 0.657407 0.051282 0.079772
0 0.181090 0.732906 0.044071 0.037037
0 0.192308 0.787749 0.069712 0.052707
0 0.175481 0.804843 0.050481 0.069801
0 0.198718 0.843305 0.034455 0.041311
0 0.158654 0.957265 0.071314 0.041311
0 0.157499 0.983511 0.064196 0.031125
0 0.219952 0.653134 0.051282 0.031339
0 0.215545 0.668803 0.066506 0.022792
0 0.274439 0.651709 0.048077 0.051282
0 0.247196 0.608974 0.076923 0.048433
0 0.146635 0.568376 0.012019 0.075499
0 0.107772 0.196581 0.024038 0.121083
0 0.122596 0.284900 0.042468 0.089744
0 0.155849 0.027778 0.064103 0.051282
0 0.165064 0.061966 0.045673 0.048433
0 0.136218 0.047721 0.045673 0.056980
0 0.218750 0.057692 0.040865 0.111111
0 0.183894 0.208689 0.062500 0.042735
0 0.205929 0.245014 0.056891 0.055556
0 0.175481 0.314103 0.068109 0.068376
0 0.177484 0.381054 0.072115 0.096866
0 0.165064 0.392450 0.042468 0.102564
0 0.140625 0.448006 0.041667 0.068376
0 0.183093 0.493590 0.052885 0.079772
0 0.329327 0.658120 0.061699 0.092593
0 0.289263 0.554131 0.044071 0.075499
0 0.364583 0.834046 0.042468 0.065527
0 0.308494 0.913105 0.044071 0.075499
0 0.352163 0.936610 0.059295 0.071225
0 0.358946 0.974964 0.048822 0.048219
0 0.466346 0.836182 0.029647 0.064103
0 0.503205 0.878205 0.048878 0.039886
0 0.427484 0.895299 0.016026 0.074074
0 0.457131 0.891738 0.048077 0.041311
0 0.463332 0.957870 0.027663 0.082407
0 0.488793 0.967842 0.029625 0.062464
0 0.270433 0.025641 0.028846 0.047009
0 0.279647 0.089744 0.068109 0.123932
0 0.280849 0.133191 0.025641 0.065527
0 0.255609 0.227208 0.034455 0.065527
0 0.226362 0.368234 0.036859 0.054131
0 0.231971 0.408832 0.038462 0.064103
0 0.265625 0.341168 0.028846 0.076923
0 0.283654 0.355413 0.037660 0.099715
0 0.260417 0.417379 0.040865 0.049858
0 0.284455 0.429487 0.055288 0.054131
0 0.294471 0.457265 0.032051 0.055556
0 0.347756 0.252849 0.048878 0.062678
0 0.366587 0.116097 0.052885 0.045584
0 0.348558 0.034188 0.040865 0.066952
0 0.380018 0.027422 0.032431 0.054843
0 0.384615 0.058405 0.045673 0.064103
0 0.423478 0.108974 0.041667 0.062678
0 0.409856 0.126068 0.030449 0.071225
0 0.355369 0.157407 0.044872 0.051282
0 0.360978 0.182336 0.052885 0.055556
0 0.392228 0.166667 0.038462 0.055556
0 0.449920 0.065527 0.024038 0.038462
0 0.446715 0.096154 0.038462 0.034188
0 0.457131 0.172365 0.030449 0.038462
0 0.358173 0.317664 0.036058 0.081197
0 0.405048 0.358262 0.036859 0.019943
0 0.447516 0.400997 0.014423 0.076923
0 0.496795 0.390313 0.048878 0.052707
0 0.528045 0.373219 0.045673 0.069801
0 0.573317 0.394587 0.030449 0.098291
0 0.413462 0.458689 0.013622 0.069801
0 0.342147 0.484330 0.024840 0.052707
0 0.377003 0.519943 0.022436 0.075499
0 0.328125 0.741453 0.041667 0.071225
0 0.364183 0.712963 0.035256 0.068376
0 0.410256 0.685185 0.021635 0.081197
0 0.419071 0.742877 0.052083 0.065527
0 0.423878 0.806268 0.031250 0.089744
0 0.402644 0.801282 0.019231 0.054131
0 0.558924 0.950036 0.033714 0.098077
0 0.577867 0.941489 0.021349 0.115171
0 0.658253 0.916667 0.033654 0.051282
0 0.628606 0.954416 0.040064 0.072650
0 0.617673 0.952172 0.055059 0.093803
0 0.608173 0.881054 0.023237 0.079772
0 0.591747 0.852564 0.016026 0.091168
0 0.605769 0.697293 0.044071 0.054131
0 0.640224 0.766382 0.036058 0.055556
0 0.607772 0.801282 0.027244 0.074074
0 0.541266 0.653134 0.052885 0.062678
0 0.538862 0.690171 0.040064 0.062678
0 0.467949 0.663105 0.026442 0.062678
0 0.469151 0.510684 0.033654 0.065527
0 0.554487 0.514245 0.044071 0.066952
0 0.631811 0.607550 0.054487 0.125356
0 0.634615 0.659544 0.024840 0.047009
0 0.655849 0.619658 0.020833 0.089744
0 0.644631 0.412393 0.056090 0.034188
0 0.664663 0.440171 0.032051 0.066952
0 0.652244 0.341880 0.015224 0.092593
0 0.569712 0.245014 0.020032 0.109687
0 0.497196 0.205128 0.035256 0.064103
0 0.511218 0.168803 0.024840 0.091168
0 0.499199 0.044160 0.023237 0.084046
0 0.508814 0.107550 0.050481 0.059829
0 0.546074 0.128917 0.059295 0.039886
0 0.622196 0.062678 0.062500 0.072650
0 0.637420 0.133903 0.043269 0.058405
0 0.616987 0.173077 0.082532 0.062678
0 0.632612 0.200855 0.051282 0.035613
0 0.610577 0.254986 0.020032 0.078348
0 0.675080 0.360399 0.041667 0.061254
0 0.681090 0.338319 0.039263 0.042735
0 0.713542 0.426638 0.032051 0.071225
0 0.739984 0.484330 0.028846 0.049858
0 0.707131 0.236467 0.027244 0.069801
0 0.755609 0.192308 0.047276 0.098291
0 0.769631 0.279915 0.032051 0.068376
0 0.730769 0.320513 0.040865 0.075499
0 0.726763 0.047009 0.020032 0.089744
0 0.714343 0.119658 0.024038 0.069801
0 0.758814 0.116809 0.023237 0.081197
0 0.758013 0.031339 0.015224 0.061254
0 0.830929 0.176638 0.029647 0.069801
0 0.841346 0.267806 0.020032 0.092593
0 0.844151 0.013533 0.035256 0.025641
0 0.905849 0.016382 0.027244 0.031339
0 0.921875 0.044872 0.041667 0.056980
0 0.923478 0.080484 0.054487 0.156695
0 0.941506 0.108974 0.045673 0.113960
0 0.966747 0.098291 0.011218 0.055556
0 0.927885 0.224359 0.045673 0.056980
0 0.850561 0.122507 0.036859 0.038462
0 0.872997 0.164530 0.027244 0.054131
0 0.963942 0.158120 0.040865 0.049858
0 0.992328 0.120826 0.014303 0.052193
0 0.979167 0.173077 0.039263 0.045584
0 0.932292 0.268519 0.064103 0.034188
0 0.912660 0.322650 0.020032 0.091168
0 0.908253 0.363960 0.028846 0.054131
0 0.884215 0.382479 0.041667 0.059829
0 0.765625 0.388889 0.043269 0.049858
0 0.792468 0.413818 0.063301 0.113960
0 0.830529 0.460826 0.035256 0.059829
0 0.842949 0.445157 0.028045 0.059829
0 0.890625 0.444444 0.043269 0.044160
0 0.949920 0.305556 0.027244 0.034188
0 0.983574 0.300570 0.028846 0.098291
0 0.962340 0.344017 0.072917 0.065527
0 0.947115 0.451567 0.052083 0.052707
0 0.975160 0.457977 0.045673 0.068376
0 0.945913 0.498575 0.057692 0.047009
0 0.902644 0.581909 0.043269 0.079772
0 0.783253 0.509259 0.048077 0.042735
0 0.818910 0.545584 0.024840 0.098291
0 0.835737 0.591168 0.050481 0.041311
0 0.904647 0.633191 0.072917 0.079772
0 0.954327 0.667379 0.031250 0.059829
0 0.913061 0.699430 0.049679 0.075499
0 0.892228 0.718661 0.027244 0.105413
0 0.862580 0.699430 0.068910 0.055556
0 0.921875 0.786325 0.040064 0.089744
0 0.793670 0.618234 0.033654 0.049858
0 0.794071 0.648148 0.040865 0.035613
0 0.775641 0.697293 0.034455 0.088319
0 0.715545 0.648860 0.034455 0.082621
0 0.697917 0.702279 0.024840 0.163818
0 0.665465 0.549858 0.027244 0.084046
0 0.675881 0.714387 0.019231 0.085470
0 0.672676 0.797721 0.049679 0.078348
0 0.687901 0.794160 0.044872 0.068376
0 0.729167 0.806980 0.024840 0.091168
0 0.704327 0.901709 0.036058 0.055556
0 0.728731 0.941489 0.051353 0.115171
0 0.774038 0.964387 0.021635 0.049858
0 0.802885 0.907407 0.036058 0.044160
0 0.789263 0.881054 0.050481 0.037037
0 0.770032 0.834758 0.023237 0.081197
0 0.812901 0.821225 0.089744 0.071225
0 0.855369 0.865385 0.060897 0.031339
0 0.860176 0.887464 0.054487 0.035613
0 0.874599 0.887464 0.102564 0.129630
