0 0.290074 0.030273 0.018382 0.052734
0 0.737132 0.425781 0.021324 0.031250
0 0.243015 0.929199 0.022794 0.032227
0 0.723897 0.715820 0.025735 0.035156
0 0.565074 0.281738 0.025735 0.038086
0 0.575735 0.712891 0.025000 0.021484
0 0.818015 0.224609 0.028676 0.027344
0 0.808088 0.969727 0.020588 0.037109
0 0.276471 0.509766 0.020588 0.041016
0 0.811397 0.587402 0.018382 0.051758
0 0.854044 0.825195 0.024265 0.042969
0 0.074265 0.575195 0.017647 0.041016
0 0.698162 0.707520 0.015441 0.049805
0 0.620221 0.254395 0.018382 0.041992
0 0.109926 0.749023 0.033088 0.027344
0 0.442279 0.306641 0.043382 0.042969
0 0.144853 0.825195 0.026471 0.029297
0 0.740441 0.789062 0.020588 0.037109
0 0.459191 0.580566 0.028676 0.038086
0 0.204779 0.715820 0.015441 0.052734
0 0.061029 0.757812 0.017647 0.046875
