0 0.444549 0.648903 0.047432 0.088546
0 0.476805 0.717301 0.044234 0.025343
0 0.546081 0.950801 0.103620 0.062713
0 0.298477 0.687338 0.052161 0.082083
0 0.190169 0.799639 0.042839 0.088167
0 0.179357 0.309671 0.034755 0.052676
0 0.731089 0.415486 0.070510 0.029120
0 0.686698 0.565532 0.042146 0.032917
0 0.243452 0.210582 0.050843 0.063933
0 0.210590 0.061772 0.049603 0.083774
0 0.988120 0.352227 0.019841 0.084877
0 0.222371 0.889043 0.057044 0.051808
0 0.707242 0.228219 0.053323 0.046296
