0 0.186640 0.014219 0.042397 0.028438
0 0.516533 0.113691 0.022772 0.049648
0 0.513835 0.815352 0.035022 0.038906
0 0.393930 0.551479 0.026096 0.030693
0 0.520699 0.857002 0.028162 0.036270
0 0.476691 0.316685 0.023971 0.027900
0 0.859103 0.923687 0.034382 0.025107
0 0.266949 0.838169 0.039779 0.027900
0 0.947643 0.826439 0.025427 0.038963
0 0.417688 0.423897 0.039354 0.020632
0 0.373157 0.422521 0.018641 0.050891
0 0.140659 0.982326 0.044532 0.031635
0 0.774461 0.827589 0.023819 0.071523
0 0.253024 0.007826 0.037283 0.011004
0 0.458204 0.629523 0.038700 0.044202
0 0.514786 0.643831 0.030371 0.023353
