0 0.890104 0.455556 0.023958 0.038889
0 0.004687 0.905093 0.009375 0.065741
0 0.247135 0.733796 0.045312 0.049074
0 0.560156 0.388889 0.013021 0.038889
0 0.212500 0.112500 0.021875 0.045370
0 0.558854 0.636574 0.019792 0.045370
0 0.728906 0.530093 0.014063 0.037963
0 0.548177 0.641667 0.033854 0.037037
0 0.571354 0.818056 0.021875 0.034259
0 0.252604 0.737037 0.033333 0.044444
0 0.771875 0.397222 0.027083 0.024074
0 0.797656 0.418519 0.029687 0.031481
0 0.365625 0.830093 0.029167 0.025000
0 0.942708 0.481481 0.018750 0.046296
0 0.164583 0.917130 0.036458 0.078704
0 0.497135 0.166204 0.029687 0.043519
0 0.143229 0.886574 0.041667 0.049074
0 0.403906 0.941667 0.016146 0.061111
0 0.093229 0.755556 0.044792 0.029630
0 0.328906 0.506019 0.017188 0.078704
0 0.270052 0.711111 0.024479 0.044444
0 0.933854 0.356481 0.030208 0.042593
0 0.574740 0.850926 0.028646 0.044444
0 0.507031 0.363889 0.015104 0.044444
0 0.641927 0.217593 0.017188 0.055556
0 0.293229 0.500463 0.019792 0.056481
0 0.383854 0.611574 0.033333 0.056481
0 0.694010 0.086111 0.044271 0.031481
0 0.202604 0.303241 0.042708 0.067593
0 0.690365 0.182870 0.019271 0.071296
0 0.775260 0.780093 0.018229 0.054630
0 0.429427 0.619444 0.021354 0.037037
0 0.573438 0.158333 0.028125 0.064815
0 0.523177 0.940278 0.019271 0.060185
0 0.482552 0.580093 0.029687 0.025000
0 0.949479 0.601389 0.032292 0.049074
0 0.595313 0.722685 0.026042 0.037963
0 0.721875 0.834259 0.035417 0.050000
0 0.155729 0.602778 0.026042 0.029630
0 0.133854 0.507870 0.028125 0.041667
