0 0.822222 0.871287 0.033333 0.049505
0 0.670139 0.626238 0.034722 0.029703
0 0.025000 0.637376 0.033333 0.042079
0 0.093750 0.064356 0.040278 0.049505
0 0.918750 0.870050 0.018056 0.066832
0 0.131250 0.121287 0.031944 0.044554
0 0.168750 0.558168 0.031944 0.042079
0 0.143750 0.946782 0.023611 0.071782
0 0.278472 0.105198 0.018056 0.071782
0 0.573611 0.465347 0.038889 0.059406
0 0.444444 0.436881 0.063889 0.051980
0 0.243750 0.529703 0.031944 0.054455
0 0.781944 0.971535 0.036111 0.051980
0 0.486111 0.417079 0.050000 0.061881
