0 0.798611 0.023515 0.033333 0.051980
0 0.009722 0.321782 0.019444 0.034653
0 0.128472 0.595297 0.031944 0.032178
0 0.198611 0.451733 0.038889 0.042079
0 0.150000 0.928218 0.044444 0.034653
0 0.623611 0.191832 0.033333 0.042079
0 0.648611 0.409653 0.019444 0.051980
0 0.812500 0.371287 0.038889 0.039604
0 0.581250 0.258663 0.020833 0.076733
0 0.989583 0.456683 0.020833 0.061881
0 0.723611 0.280941 0.019444 0.061881
0 0.538889 0.283416 0.025000 0.061881
0 0.353472 0.560644 0.031944 0.047030
0 0.375694 0.264851 0.040278 0.034653
0 0.773611 0.636139 0.022222 0.074257
0 0.833333 0.581683 0.019444 0.054455
0 0.654861 0.565594 0.031944 0.066832
0 0.140972 0.706683 0.031944 0.042079
0 0.142361 0.675743 0.043056 0.039604
