0 0.366555 0.115139 0.037276 0.071019
0 0.460737 0.403846 0.045673 0.068376
0 0.180469 0.326282 0.107813 0.052564
0 0.386607 0.536759 0.033630 0.071667
0 0.266437 0.055676 0.044333 0.065056
0 0.162211 0.502384 0.060880 0.047361
0 0.146273 0.551685 0.043589 0.036704
0 0.411609 0.676347 0.019052 0.095287
0 0.470268 0.602415 0.021465 0.123633
0 0.900096 0.491986 0.050193 0.033972
0 0.775414 0.462319 0.021661 0.074639
0 0.759745 0.620171 0.065323 0.045898
0 0.667604 0.410301 0.040417 0.033565
0 0.672036 0.764542 0.027406 0.069824
0 0.062099 0.059117 0.027244 0.054131
0 0.083734 0.057692 0.025641 0.096866
0 0.142628 0.051282 0.040865 0.095442
0 0.165064 0.042023 0.047276 0.079772
0 0.181490 0.020655 0.033654 0.034188
0 0.223558 0.027066 0.028045 0.052707
0 0.217949 0.068376 0.060096 0.047009
0 0.111779 0.154558 0.016026 0.082621
0 0.074920 0.206553 0.036859 0.041311
0 0.118189 0.244302 0.032051 0.079772
0 0.173077 0.202991 0.061699 0.039886
0 0.161859 0.236467 0.036058 0.066952
0 0.102564 0.326211 0.024840 0.086895
0 0.066106 0.413818 0.025641 0.085470
0 0.018429 0.353989 0.032853 0.105413
0 0.024639 0.444220 0.049279 0.055108
0 0.078926 0.469373 0.025641 0.085470
0 0.040465 0.524929 0.043269 0.059829
0 0.080929 0.690171 0.045673 0.071225
0 0.125000 0.666667 0.034455 0.027066
0 0.093750 0.770655 0.060096 0.044160
0 0.029647 0.856125 0.052083 0.044160
0 0.026042 0.915954 0.049679 0.069801
0 0.062099 0.893162 0.052885 0.106838
0 0.073718 0.920228 0.061699 0.092593
0 0.170673 0.786325 0.023237 0.086895
0 0.145833 0.429487 0.120994 0.059829
0 0.144631 0.467236 0.035256 0.047009
0 0.167869 0.715100 0.040064 0.078348
0 0.139423 0.718661 0.052083 0.042735
0 0.207933 0.752849 0.027244 0.079772
0 0.190705 0.848291 0.029647 0.028490
0 0.193510 0.816239 0.067308 0.029915
0 0.168670 0.943020 0.075321 0.049858
0 0.138622 0.967236 0.040865 0.038462
0 0.279661 0.965705 0.016855 0.066738
0 0.331330 0.919516 0.032051 0.076923
0 0.370192 0.932336 0.044071 0.039886
0 0.352564 0.969373 0.071314 0.051282
0 0.449464 0.954309 0.037770 0.089530
0 0.473982 0.976389 0.048125 0.045370
0 0.509664 0.973540 0.042371 0.051068
0 0.526843 0.887464 0.044872 0.049858
0 0.425080 0.826923 0.033654 0.065527
0 0.427484 0.848291 0.032051 0.054131
0 0.399840 0.846154 0.026442 0.072650
0 0.354968 0.837607 0.042468 0.044160
0 0.364984 0.757123 0.048077 0.113960
0 0.398237 0.764957 0.018429 0.098291
0 0.409054 0.759972 0.040064 0.082621
0 0.057292 0.228632 0.019231 0.062678
0 0.214343 0.263533 0.052885 0.044160
0 0.239583 0.252137 0.044071 0.058405
0 0.268029 0.250712 0.027244 0.049858
0 0.244391 0.155271 0.071314 0.084046
0 0.309696 0.152422 0.086538 0.081197
0 0.319311 0.203704 0.036859 0.055556
0 0.275240 0.209402 0.049679 0.029915
0 0.248397 0.504986 0.039263 0.088319
0 0.246795 0.589744 0.029647 0.123932
0 0.250401 0.626068 0.025641 0.054131
0 0.243590 0.755698 0.064904 0.045584
0 0.274840 0.797009 0.053686 0.037037
0 0.296474 0.753561 0.026442 0.081197
0 0.320112 0.776353 0.017628 0.135328
0 0.320513 0.657407 0.024840 0.085470
0 0.338141 0.680199 0.061699 0.059829
0 0.365785 0.638889 0.033654 0.054131
0 0.327324 0.537749 0.051282 0.071225
0 0.214343 0.299145 0.041667 0.035613
0 0.264022 0.369658 0.036859 0.122507
0 0.252404 0.373932 0.058494 0.031339
0 0.247596 0.419516 0.069712 0.091168
0 0.293670 0.462963 0.036859 0.058405
0 0.351362 0.406695 0.035256 0.031339
0 0.389423 0.408832 0.031250 0.072650
0 0.343750 0.253561 0.039263 0.058405
0 0.333734 0.217949 0.040064 0.069801
0 0.354167 0.143875 0.018429 0.109687
0 0.374199 0.216524 0.028045 0.101140
0 0.401442 0.122507 0.032853 0.038462
0 0.395032 0.146011 0.050481 0.042735
0 0.379006 0.042735 0.040865 0.035613
0 0.332532 0.020655 0.031250 0.034188
0 0.359776 0.014957 0.037660 0.028490
0 0.308494 0.095442 0.037660 0.029915
0 0.452324 0.067664 0.019231 0.034188
0 0.428686 0.082621 0.045673 0.038462
0 0.422676 0.321937 0.043269 0.029915
0 0.415465 0.345442 0.038462 0.034188
0 0.413462 0.433048 0.018429 0.084046
0 0.479167 0.463675 0.037660 0.031339
0 0.520032 0.391738 0.029647 0.095442
0 0.561298 0.374644 0.052885 0.058405
0 0.576923 0.353276 0.031250 0.055556
0 0.562500 0.263533 0.015224 0.098291
0 0.514022 0.242877 0.020833 0.099715
0 0.529247 0.219373 0.028846 0.064103
0 0.522837 0.153134 0.043269 0.071225
0 0.514022 0.064815 0.046474 0.091168
0 0.572917 0.143875 0.044071 0.069801
0 0.614183 0.215812 0.025641 0.048433
0 0.653846 0.421652 0.056891 0.044160
0 0.662260 0.475071 0.044872 0.056980
0 0.617788 0.477208 0.044071 0.047009
0 0.686298 0.464387 0.043269 0.072650
0 0.688702 0.389601 0.036859 0.091168
0 0.486378 0.537037 0.032853 0.084046
0 0.511218 0.540598 0.023237 0.056980
0 0.579327 0.522080 0.071314 0.074074
0 0.591346 0.596154 0.039263 0.113960
0 0.546875 0.606125 0.041667 0.059829
0 0.532853 0.658120 0.052083 0.069801
0 0.479567 0.674501 0.027244 0.034188
0 0.453125 0.700855 0.038462 0.078348
0 0.446314 0.760684 0.036058 0.058405
0 0.481971 0.858974 0.044872 0.049858
0 0.544872 0.727920 0.016827 0.103989
0 0.588542 0.789886 0.028846 0.068376
0 0.601362 0.816239 0.016026 0.112536
0 0.643429 0.946581 0.044071 0.091168
0 0.604167 0.919516 0.076122 0.048433
0 0.615037 0.952885 0.020940 0.092379
0 0.655449 0.896724 0.013622 0.062678
0 0.711939 0.915242 0.032051 0.116809
0 0.715545 0.905271 0.068109 0.039886
0 0.738381 0.837607 0.032051 0.098291
0 0.713141 0.970085 0.028045 0.049858
0 0.770433 0.923789 0.016026 0.059829
0 0.796256 0.963568 0.019595 0.071011
0 0.818910 0.960114 0.028045 0.047009
0 0.790865 0.869658 0.023237 0.068376
0 0.828526 0.834046 0.031250 0.074074
0 0.815304 0.809117 0.032051 0.049858
0 0.796074 0.770655 0.051282 0.035613
0 0.801683 0.701567 0.035256 0.071225
0 0.750000 0.700855 0.021635 0.055556
0 0.773237 0.682336 0.029647 0.064103
0 0.710337 0.626068 0.032051 0.071225
0 0.683494 0.668803 0.026442 0.111111
0 0.673478 0.718661 0.027244 0.068376
0 0.616987 0.678775 0.063301 0.079772
0 0.650641 0.777778 0.040865 0.095442
0 0.622196 0.774217 0.025641 0.059829
0 0.653446 0.569801 0.028846 0.078348
0 0.624599 0.588319 0.041667 0.064103
0 0.578926 0.049145 0.035256 0.071225
0 0.585737 0.071225 0.037660 0.032764
0 0.619792 0.056980 0.065705 0.027066
0 0.643429 0.148148 0.036058 0.095442
0 0.667468 0.269943 0.034455 0.071225
0 0.284856 0.533476 0.030449 0.054131
0 0.661859 0.164530 0.039263 0.076923
0 0.731971 0.096866 0.017628 0.075499
0 0.736378 0.163818 0.053686 0.072650
0 0.761218 0.220798 0.044071 0.072650
0 0.748798 0.305556 0.059295 0.071225
0 0.707532 0.293447 0.024840 0.058405
0 0.755208 0.403134 0.051282 0.041311
0 0.804487 0.410969 0.029647 0.068376
0 0.800080 0.544872 0.059295 0.088319
0 0.850160 0.551282 0.036058 0.089744
0 0.836138 0.593305 0.041667 0.034188
0 0.811699 0.641738 0.034455 0.056980
0 0.831731 0.714387 0.020032 0.088319
0 0.856571 0.736467 0.045673 0.058405
0 0.883413 0.794160 0.060897 0.076923
0 0.876202 0.893875 0.059295 0.096866
0 0.890224 0.876781 0.029647 0.102564
0 0.924279 0.905983 0.051282 0.095442
0 0.929888 0.768519 0.038462 0.099715
0 0.965946 0.753561 0.028846 0.069801
0 0.954728 0.669516 0.051282 0.075499
0 0.917869 0.640313 0.033654 0.059829
0 0.899439 0.683048 0.056090 0.082621
0 0.883814 0.543447 0.060096 0.031339
0 0.949920 0.502137 0.057692 0.028490
0 0.933494 0.538462 0.056891 0.041311
0 0.834135 0.443732 0.028045 0.062678
0 0.886619 0.438746 0.044872 0.035613
0 0.883413 0.405271 0.033654 0.062678
0 0.951522 0.423077 0.056090 0.072650
0 0.970353 0.400285 0.032853 0.069801
0 0.976362 0.448006 0.028846 0.068376
0 0.899840 0.334046 0.084135 0.042735
0 0.954327 0.309117 0.060096 0.069801
0 0.966687 0.279332 0.065585 0.098551
0 0.937099 0.212251 0.044872 0.049858
0 0.942308 0.242165 0.053686 0.061254
0 0.846955 0.245014 0.044071 0.084046
0 0.811699 0.157407 0.020032 0.113960
0 0.824119 0.170228 0.046474 0.054131
0 0.742788 0.039886 0.045673 0.064103
0 0.762019 0.018519 0.039263 0.029915
0 0.768830 0.110399 0.020833 0.068376
0 0.886218 0.050570 0.060096 0.076923
0 0.938702 0.039886 0.060897 0.055556
0 0.925080 0.083333 0.051282 0.045584
0 0.914663 0.106838 0.056090 0.044160
0 0.893029 0.172365 0.070513 0.032764
0 0.962680 0.157917 0.073598 0.032358
0 0.985577 0.180199 0.026442 0.059829
0 0.969952 0.084758 0.019231 0.091168
0 0.975901 0.027006 0.047155 0.046889
0 0.738381 0.473647 0.025641 0.062678
0 0.767228 0.828348 0.025641 0.059829
0 0.165865 0.983618 0.031250 0.028490
0 0.441106 0.168091 0.032051 0.047009
0 0.162260 0.599003 0.040064 0.028490
0 0.203125 0.646011 0.057692 0.085470
0 0.231971 0.653134 0.020833 0.074074
0 0.800080 0.551994 0.051282 0.079772
