0 0.126016 0.269861 0.022865 0.060093
0 0.107445 0.289083 0.026349 0.059648
0 0.123042 0.363889 0.036708 0.081481
0 0.134865 0.416528 0.067646 0.047870
0 0.369888 0.343657 0.035609 0.033611
0 0.367885 0.389028 0.020146 0.033611
0 0.574771 0.182917 0.016208 0.062130
0 0.547263 0.062870 0.052859 0.099815
0 0.286880 0.200139 0.037302 0.135463
0 0.583643 0.414259 0.059995 0.069259
0 0.590521 0.331111 0.016458 0.052963
0 0.581458 0.288611 0.034792 0.034630
0 0.736560 0.297037 0.021036 0.077407
0 0.752659 0.429954 0.042818 0.078426
0 0.769003 0.499352 0.067172 0.046852
0 0.841346 0.742877 0.053686 0.102564
0 0.599560 0.821111 0.026203 0.097778
0 0.416049 0.913380 0.033141 0.060093
0 0.569474 0.535370 0.039990 0.065185
0 0.925080 0.180199 0.052885 0.048433
0 0.931090 0.259972 0.029647 0.062678
0 0.971955 0.260684 0.024840 0.058405
0 0.916266 0.478632 0.040064 0.049858
0 0.921074 0.528490 0.017628 0.061254
0 0.514824 0.289886 0.014423 0.068376
0 0.777244 0.101140 0.020032 0.052707
0 0.491987 0.728632 0.037660 0.048433
