0 0.421787 0.403877 0.034750 0.030410
0 0.248750 0.548516 0.037206 0.034531
0 0.389228 0.542148 0.024044 0.047188
0 0.638599 0.879658 0.021316 0.034707
0 0.191221 0.016743 0.025088 0.033486
0 0.437096 0.640767 0.041838 0.023721
0 0.538346 0.688618 0.028162 0.023721
0 0.519963 0.865234 0.042868 0.048828
0 0.528051 0.827568 0.028162 0.032090
0 0.913930 0.846538 0.032272 0.025107
0 0.478162 0.338726 0.016618 0.044639
0 0.026849 0.083428 0.027228 0.032090
0 0.855324 0.920479 0.016529 0.026504
