0 0.606698 0.090259 0.032146 0.078667
0 0.564773 0.045486 0.026422 0.087269
0 0.570461 0.298912 0.036755 0.064491
0 0.713228 0.280946 0.026617 0.084683
0 0.655172 0.290880 0.021802 0.098426
0 0.656294 0.507417 0.028214 0.098167
0 0.400552 0.561051 0.015688 0.088769
0 0.304169 0.674847 0.055214 0.034880
0 0.410833 0.845222 0.018542 0.103407
0 0.172276 0.786325 0.093750 0.052707
0 0.383862 0.898269 0.031266 0.055796
0 0.420193 0.404764 0.067469 0.050269
0 0.485176 0.603276 0.022436 0.148148
0 0.277203 0.487097 0.049198 0.063083
0 0.601008 0.437694 0.039516 0.049463
0 0.698016 0.548597 0.034573 0.100898
0 0.766872 0.649287 0.052495 0.055981
0 0.691943 0.744579 0.054719 0.031750
0 0.543206 0.646852 0.041620 0.047407
0 0.856297 0.537051 0.034469 0.098176
0 0.037660 0.032051 0.034455 0.062678
0 0.056490 0.042735 0.030449 0.055556
0 0.051282 0.142450 0.050481 0.032764
0 0.036859 0.194444 0.071314 0.051282
0 0.020433 0.288462 0.036859 0.042735
0 0.032853 0.353989 0.060096 0.065527
0 0.014022 0.389601 0.027244 0.062678
0 0.030449 0.452279 0.044071 0.062678
0 0.010016 0.460826 0.019231 0.039886
0 0.015625 0.545584 0.030449 0.095442
0 0.066506 0.505698 0.021635 0.066952
0 0.052083 0.645299 0.048878 0.052707
0 0.024840 0.871795 0.045673 0.109687
0 0.013622 0.898148 0.021635 0.068376
0 0.059696 0.836895 0.041667 0.034188
0 0.055288 0.889601 0.047276 0.071225
0 0.085737 0.925214 0.060096 0.062678
0 0.109840 0.952172 0.056762 0.093803
0 0.189904 0.856125 0.050481 0.055556
0 0.211538 0.879630 0.052083 0.065527
0 0.198718 0.797009 0.031250 0.079772
0 0.251202 0.748575 0.036859 0.037037
0 0.288462 0.774217 0.042468 0.071225
0 0.296875 0.804843 0.033654 0.049858
0 0.328926 0.874644 0.040064 0.089744
0 0.340946 0.903134 0.051282 0.084046
0 0.156250 0.537749 0.036058 0.065527
0 0.187901 0.517094 0.035256 0.052707
0 0.111378 0.443020 0.029647 0.061254
0 0.109375 0.396724 0.038462 0.085470
0 0.118189 0.339744 0.051282 0.059829
0 0.102163 0.252137 0.040064 0.106838
0 0.105369 0.024929 0.056090 0.034188
0 0.155048 0.037037 0.032051 0.064103
0 0.185897 0.053419 0.036058 0.071225
0 0.168670 0.128205 0.051282 0.066952
0 0.214744 0.193020 0.064904 0.054131
0 0.210737 0.088319 0.032853 0.058405
0 0.212740 0.240028 0.044872 0.062678
0 0.178686 0.355413 0.029647 0.125356
0 0.149439 0.412393 0.052885 0.099715
0 0.209535 0.316239 0.049679 0.058405
0 0.213942 0.378917 0.039263 0.121083
0 0.236378 0.466524 0.042468 0.048433
0 0.177885 0.601852 0.037660 0.065527
0 0.280048 0.586182 0.051282 0.076923
0 0.331330 0.580484 0.044872 0.031339
0 0.323718 0.646724 0.029647 0.084046
0 0.276442 0.667379 0.032853 0.071225
0 0.157853 0.689459 0.048878 0.058405
0 0.122596 0.628917 0.029647 0.051282
0 0.235577 0.361823 0.032853 0.041311
0 0.262019 0.237179 0.048878 0.042735
0 0.263622 0.269231 0.028045 0.058405
0 0.249199 0.049858 0.069712 0.089744
0 0.274038 0.104701 0.055288 0.034188
0 0.308093 0.111823 0.033654 0.056980
0 0.344151 0.118234 0.041667 0.072650
0 0.311298 0.203704 0.025641 0.061254
0 0.346554 0.186610 0.046474 0.061254
0 0.359776 0.242877 0.072917 0.082621
0 0.269231 0.356125 0.024840 0.109687
0 0.264423 0.433048 0.037660 0.084046
0 0.378606 0.428063 0.020833 0.096866
0 0.352965 0.502137 0.035256 0.082621
0 0.372596 0.049858 0.032853 0.089744
0 0.398638 0.108974 0.054487 0.071225
0 0.421074 0.165242 0.049679 0.092593
0 0.452324 0.131766 0.032051 0.074074
0 0.461939 0.047721 0.041667 0.048433
0 0.470753 0.408832 0.076923 0.095442
0 0.510817 0.405271 0.028846 0.045584
0 0.503606 0.313390 0.028846 0.066952
0 0.537260 0.319088 0.024038 0.055556
0 0.521234 0.527778 0.016026 0.056980
0 0.465545 0.544872 0.032853 0.059829
0 0.413061 0.342593 0.043269 0.068376
0 0.417869 0.636752 0.022436 0.064103
0 0.377404 0.591880 0.023237 0.076923
0 0.369792 0.657407 0.022436 0.085470
0 0.346554 0.724359 0.025641 0.111111
0 0.326522 0.801282 0.040064 0.048433
0 0.379006 0.819088 0.045673 0.029915
0 0.416667 0.901709 0.031250 0.103989
0 0.400240 0.740028 0.041667 0.125356
0 0.383413 0.718661 0.057692 0.048433
0 0.454728 0.676638 0.048077 0.047009
0 0.483974 0.835470 0.032853 0.048433
0 0.487179 0.888177 0.032853 0.054131
0 0.459572 0.971403 0.019157 0.055342
0 0.497196 0.962963 0.041667 0.066952
0 0.542758 0.979950 0.032272 0.038248
0 0.565829 0.971403 0.018678 0.055342
0 0.503606 0.653846 0.040064 0.052707
0 0.566907 0.759972 0.051282 0.068376
0 0.605369 0.883191 0.043269 0.141026
0 0.603505 0.960719 0.033132 0.076709
0 0.598558 0.238604 0.042468 0.048433
0 0.669471 0.149573 0.022436 0.103989
0 0.635817 0.130342 0.036859 0.062678
0 0.626202 0.111823 0.048077 0.054131
0 0.612179 0.519943 0.026442 0.092593
0 0.606170 0.562678 0.041667 0.047009
0 0.632612 0.584046 0.036859 0.049858
0 0.562500 0.625356 0.042468 0.035613
0 0.631811 0.647436 0.020833 0.065527
0 0.667067 0.377493 0.046474 0.081197
0 0.674679 0.366097 0.037660 0.049858
0 0.739583 0.446581 0.020032 0.096866
0 0.742388 0.510684 0.030449 0.116809
0 0.620593 0.711538 0.064103 0.031339
0 0.629808 0.809117 0.048878 0.081197
0 0.617388 0.039174 0.036859 0.022792
0 0.778846 0.397436 0.071314 0.058405
0 0.738782 0.320513 0.056891 0.069801
0 0.700321 0.108974 0.042468 0.076923
0 0.731571 0.052707 0.031250 0.061254
0 0.725160 0.134615 0.042468 0.054131
0 0.771635 0.098291 0.039263 0.029915
0 0.772436 0.046296 0.023237 0.071225
0 0.789663 0.025641 0.014423 0.044160
0 0.746394 0.165954 0.027244 0.091168
0 0.760817 0.212251 0.043269 0.081197
0 0.768029 0.158120 0.056090 0.029915
0 0.808894 0.117521 0.073718 0.048433
0 0.877804 0.049858 0.046474 0.035613
0 0.917869 0.069088 0.035256 0.091168
0 0.868590 0.173077 0.039263 0.037037
0 0.842949 0.188746 0.032853 0.079772
0 0.864183 0.233618 0.052885 0.072650
0 0.883413 0.294160 0.027244 0.074074
0 0.867788 0.359687 0.016827 0.096866
0 0.873397 0.438746 0.045673 0.081197
0 0.886619 0.360399 0.033654 0.038462
0 0.955529 0.349715 0.056090 0.059829
0 0.917468 0.282764 0.036058 0.062678
0 0.939103 0.218661 0.031250 0.062678
0 0.955529 0.276353 0.022436 0.086895
0 0.873798 0.108974 0.020833 0.079772
0 0.965946 0.044160 0.048077 0.084046
0 0.969151 0.099715 0.028846 0.178063
0 0.913061 0.536325 0.052885 0.085470
0 0.973558 0.524929 0.047276 0.059829
0 0.970693 0.475740 0.057572 0.041224
0 0.973498 0.450398 0.051963 0.027576
0 0.967949 0.396724 0.021635 0.096866
0 0.835737 0.386752 0.024840 0.068376
0 0.689904 0.779915 0.044071 0.079772
0 0.731971 0.851140 0.036859 0.105413
0 0.707933 0.930912 0.036859 0.091168
0 0.782452 0.522080 0.043269 0.133903
0 0.828125 0.590456 0.057692 0.037037
0 0.794071 0.529202 0.032853 0.085470
0 0.816106 0.524929 0.041667 0.094017
0 0.759615 0.698006 0.048878 0.049858
0 0.787660 0.961538 0.020032 0.072650
0 0.813702 0.908120 0.040064 0.074074
0 0.842548 0.900285 0.056090 0.055556
0 0.802885 0.797009 0.045673 0.056980
0 0.763622 0.764245 0.023237 0.085470
0 0.875401 0.807692 0.046474 0.081197
0 0.891827 0.894587 0.020032 0.121083
0 0.921474 0.905271 0.047276 0.085470
0 0.940705 0.779915 0.047276 0.039886
0 0.982712 0.845330 0.033534 0.062454
0 0.921074 0.722222 0.046474 0.066952
0 0.935096 0.650285 0.040865 0.079772
0 0.911458 0.659544 0.024038 0.055556
0 0.887821 0.641026 0.029647 0.084046
0 0.879808 0.723647 0.028045 0.075499
0 0.849760 0.665954 0.049679 0.105413
0 0.824519 0.750000 0.061699 0.074074
0 0.096955 0.787037 0.036058 0.071225
0 0.536058 0.896011 0.034455 0.075499
0 0.464343 0.336182 0.030449 0.069801
