0 0.470833 0.872685 0.044792 0.030556
0 0.590104 0.979167 0.014583 0.041667
0 0.170573 0.045833 0.016146 0.065741
0 0.868229 0.705556 0.035417 0.031481
0 0.870052 0.795370 0.023438 0.062963
0 0.970052 0.021296 0.016146 0.040741
0 0.223177 0.912037 0.025521 0.061111
0 0.010156 0.791667 0.021354 0.070370
0 0.490885 0.631019 0.023438 0.043519
0 0.547656 0.718056 0.021354 0.063889
0 0.968490 0.415278 0.028646 0.067593
0 0.853906 0.978241 0.040104 0.037963
0 0.890104 0.792130 0.030208 0.093519
0 0.778125 0.859722 0.036458 0.032407
0 0.368229 0.751389 0.033333 0.076852
0 0.130208 0.773611 0.036458 0.041667
0 0.372656 0.065278 0.033854 0.058333
0 0.875260 0.472685 0.018229 0.063889
0 0.738802 0.616204 0.023438 0.041667
0 0.700260 0.344444 0.022396 0.072222
0 0.671354 0.658796 0.032292 0.049074
0 0.456510 0.032407 0.017188 0.066667
0 0.476302 0.723148 0.026562 0.057407
0 0.424479 0.431944 0.027083 0.036111
0 0.691406 0.831481 0.036979 0.057407
0 0.371875 0.243981 0.018750 0.041667
0 0.463281 0.233796 0.015104 0.049074
0 0.432031 0.028241 0.024479 0.056481
0 0.314583 0.837500 0.017708 0.034259
