0 0.978581 0.498148 0.021745 0.083333
0 0.787464 0.840741 0.032219 0.074074
0 0.811622 0.781713 0.052411 0.048611
0 0.781995 0.726852 0.050448 0.046296
0 0.734086 0.648148 0.024422 0.083333
0 0.480586 0.939120 0.039297 0.067130
0 0.904372 0.394676 0.034786 0.048611
0 0.597128 0.525926 0.029672 0.055556
0 0.366245 0.709954 0.047073 0.043981
0 0.174922 0.513889 0.046719 0.046296
0 0.176115 0.534028 0.047021 0.025463
0 0.520305 0.429398 0.045818 0.081019
0 0.550258 0.287037 0.027599 0.074074
0 0.396245 0.071065 0.036240 0.062500
0 0.253208 0.151620 0.047042 0.043981
0 0.504677 0.034722 0.024979 0.069444
0 0.420552 0.016204 0.027562 0.032407
0 0.167112 0.091898 0.025891 0.057870
0 0.116866 0.614155 0.038527 0.036783
0 0.097246 0.061771 0.037814 0.091324
0 0.337329 0.484145 0.034247 0.045662
0 0.198559 0.909056 0.022118 0.055809
