0 0.019180 0.056356 0.027943 0.073824
0 0.305813 0.060296 0.030375 0.087259
0 0.718724 0.363167 0.038490 0.100407
0 0.752573 0.555120 0.033271 0.080611
0 0.854508 0.591009 0.056932 0.056093
0 0.965299 0.633148 0.047266 0.038519
0 0.852380 0.137171 0.084969 0.092861
0 0.697411 0.110083 0.035448 0.107204
0 0.569661 0.145509 0.018490 0.109537
0 0.476154 0.291153 0.042932 0.089713
0 0.522904 0.321250 0.061432 0.048056
0 0.607945 0.372194 0.029432 0.075870
0 0.234294 0.481486 0.056089 0.072231
0 0.275826 0.550250 0.043318 0.030130
0 0.327510 0.563917 0.034187 0.051907
0 0.405883 0.617644 0.050307 0.087139
0 0.417810 0.827199 0.025203 0.102546
0 0.562891 0.860769 0.025781 0.062278
0 0.654435 0.824417 0.036995 0.096981
0 0.704273 0.741977 0.053339 0.043213
0 0.390521 0.133694 0.045625 0.054426
0 0.381737 0.252250 0.042641 0.067463
0 0.367628 0.394338 0.054006 0.027564
0 0.125055 0.274014 0.027193 0.064694
0 0.134823 0.173528 0.025896 0.113722
0 0.164383 0.072806 0.057932 0.121537
0 0.100073 0.484727 0.040771 0.052787
0 0.167901 0.616245 0.043094 0.054713
0 0.201359 0.769542 0.019385 0.111306
0 0.280904 0.912407 0.039932 0.087778
0 0.340714 0.870727 0.033510 0.097009
0 0.334854 0.751245 0.032208 0.080269
0 0.791760 0.274713 0.030396 0.080907
0 0.041667 0.113248 0.029647 0.094017
0 0.053285 0.185185 0.040064 0.055556
0 0.008013 0.420940 0.015224 0.085470
0 0.022035 0.510684 0.041667 0.054131
0 0.052484 0.634615 0.038462 0.111111
0 0.011218 0.715812 0.020032 0.113960
0 0.029046 0.741851 0.058093 0.072022
0 0.061298 0.738604 0.035256 0.074074
0 0.008814 0.897436 0.016827 0.061254
0 0.024840 0.924501 0.023237 0.075499
0 0.090946 0.750000 0.032051 0.139601
0 0.116186 0.634615 0.042468 0.048433
0 0.152244 0.759259 0.058494 0.069801
0 0.108173 0.906695 0.039263 0.094017
0 0.176282 0.669516 0.042468 0.066952
0 0.108173 0.365385 0.048878 0.056980
0 0.128205 0.442308 0.031250 0.056980
0 0.218349 0.428775 0.056090 0.032764
0 0.258413 0.341168 0.025641 0.082621
0 0.212340 0.235755 0.050481 0.062678
0 0.215144 0.139601 0.033654 0.106838
0 0.256010 0.215100 0.043269 0.035613
0 0.296474 0.250712 0.031250 0.121083
0 0.242388 0.617521 0.040064 0.034188
0 0.264022 0.736467 0.030449 0.086895
0 0.299679 0.717236 0.052083 0.076923
0 0.343349 0.688746 0.032051 0.059829
0 0.225561 0.937322 0.032051 0.086895
0 0.272686 0.975677 0.036558 0.046795
0 0.379506 0.966417 0.039865 0.065313
0 0.440705 0.949430 0.071314 0.031339
0 0.366587 0.752849 0.040064 0.059829
0 0.479968 0.559117 0.032853 0.082621
0 0.465545 0.488604 0.016827 0.101140
0 0.489984 0.440171 0.030449 0.066952
0 0.533253 0.439459 0.022436 0.079772
0 0.455128 0.138889 0.079327 0.054131
0 0.554888 0.254986 0.028846 0.066952
0 0.549679 0.456553 0.024840 0.062678
0 0.577324 0.408832 0.032051 0.098291
0 0.554087 0.735755 0.024038 0.076923
0 0.573317 0.628205 0.024038 0.052707
0 0.606971 0.651709 0.032051 0.065527
0 0.623798 0.646011 0.032051 0.051282
0 0.625801 0.711538 0.029647 0.062678
0 0.632612 0.586895 0.030449 0.106838
0 0.621795 0.527066 0.023237 0.095442
0 0.635016 0.484330 0.028846 0.035613
0 0.384615 0.420228 0.021635 0.075499
0 0.405449 0.427350 0.020032 0.081197
0 0.600561 0.255698 0.030449 0.065527
0 0.580128 0.267094 0.040865 0.039886
0 0.600160 0.169516 0.023237 0.081197
0 0.616587 0.141026 0.024038 0.061254
0 0.609776 0.034188 0.020032 0.066952
0 0.650641 0.063390 0.023237 0.091168
0 0.676683 0.044872 0.033654 0.048433
0 0.651843 0.175926 0.036859 0.062678
0 0.667067 0.234330 0.041667 0.065527
0 0.625000 0.311254 0.036058 0.068376
0 0.660657 0.423077 0.009615 0.086895
0 0.675080 0.469373 0.019231 0.059829
0 0.670272 0.611823 0.046474 0.045584
0 0.709936 0.772080 0.039263 0.049858
0 0.636381 0.959295 0.033178 0.079558
0 0.687099 0.955128 0.025641 0.079772
0 0.717548 0.935897 0.068910 0.058405
0 0.747196 0.718661 0.052885 0.062678
0 0.750801 0.659544 0.053686 0.052707
0 0.739984 0.599003 0.027244 0.088319
0 0.719952 0.516382 0.028846 0.068376
0 0.715144 0.272080 0.048077 0.075499
0 0.739984 0.268519 0.046474 0.042735
0 0.774840 0.401709 0.045673 0.064103
0 0.825321 0.378205 0.042468 0.062678
0 0.804087 0.650997 0.041667 0.035613
0 0.823317 0.725783 0.025641 0.096866
0 0.832933 0.818376 0.041667 0.094017
0 0.810497 0.972934 0.032051 0.049858
0 0.831731 0.955128 0.023237 0.074074
0 0.870994 0.965812 0.052083 0.061254
0 0.862179 0.766382 0.048878 0.086895
0 0.907051 0.729345 0.036058 0.075499
0 0.927083 0.688034 0.040865 0.038462
0 0.949519 0.767094 0.055288 0.039886
0 0.985517 0.770548 0.027925 0.049644
0 0.987179 0.914530 0.023237 0.084046
0 0.981480 0.977813 0.035877 0.042521
0 0.934295 0.579772 0.026442 0.084046
0 0.988381 0.587607 0.019231 0.059829
0 0.956330 0.387464 0.038462 0.049858
0 0.905849 0.358262 0.048077 0.065527
0 0.845753 0.316952 0.049679 0.059829
0 0.852965 0.279915 0.049679 0.094017
0 0.772837 0.163818 0.033654 0.058405
0 0.790064 0.181624 0.052083 0.071225
0 0.895032 0.262108 0.036058 0.072650
0 0.927484 0.310541 0.048077 0.047009
0 0.960737 0.196581 0.058494 0.052707
0 0.877804 0.176638 0.020833 0.069801
0 0.764824 0.103989 0.078526 0.049858
0 0.754407 0.061966 0.040064 0.105413
0 0.747997 0.018519 0.030449 0.032764
0 0.792468 0.045584 0.036058 0.064103
0 0.835737 0.052707 0.026442 0.049858
0 0.869391 0.084046 0.055288 0.035613
0 0.867388 0.024217 0.032051 0.047009
0 0.893830 0.042735 0.065705 0.049858
