0 0.674401 0.123345 0.022331 0.053330
0 0.929599 0.319814 0.020963 0.047832
0 0.519048 0.209839 0.070449 0.052490
0 0.475713 0.305986 0.023485 0.055332
0 0.235500 0.099023 0.035706 0.065234
0 0.147706 0.463467 0.030706 0.051934
0 0.108522 0.482036 0.042044 0.018760
0 0.118993 0.450298 0.048279 0.035361
0 0.359853 0.698643 0.022647 0.037910
0 0.403860 0.874229 0.043015 0.037520
0 0.948191 0.643218 0.022853 0.046201
0 0.904063 0.812578 0.027243 0.035312
0 0.054125 0.100381 0.033250 0.017168
0 0.144210 0.135396 0.032537 0.034463
0 0.175908 0.150752 0.023875 0.051504
0 0.179279 0.103916 0.024735 0.037910
0 0.405217 0.112568 0.060434 0.022012
0 0.343272 0.016963 0.029191 0.022207
0 0.989805 0.114443 0.020787 0.039434
0 0.942434 0.275654 0.030456 0.022012
0 0.809662 0.247217 0.044324 0.092090
0 0.126287 0.373042 0.029044 0.078115
0 0.289265 0.480942 0.024118 0.059541
0 0.576640 0.446685 0.037103 0.047666
0 0.962798 0.414536 0.037360 0.030244
0 0.485934 0.809795 0.039515 0.035605
0 0.708809 0.729204 0.019088 0.028721
0 0.848835 0.989771 0.025610 0.020557
0 0.864864 0.963193 0.025316 0.027949
0 0.504084 0.915187 0.056846 0.045956
0 0.256192 0.607936 0.020124 0.054482
0 0.536765 0.072882 0.025542 0.034951
0 0.811920 0.114001 0.040248 0.043174
