0 0.130729 0.520370 0.042708 0.055556
0 0.008854 0.475926 0.018750 0.059259
0 0.137500 0.550926 0.043750 0.040741
0 0.352083 0.068056 0.054167 0.036111
0 0.652083 0.124074 0.031250 0.048148
0 0.890885 0.139352 0.031771 0.082407
0 0.768750 0.191204 0.028125 0.086111
0 0.942448 0.516204 0.032813 0.056481
0 0.472135 0.525000 0.024479 0.064815
0 0.928125 0.712963 0.041667 0.044444
0 0.330208 0.126389 0.029167 0.087963
0 0.468750 0.880556 0.046875 0.042593
0 0.419531 0.515278 0.035937 0.071296
0 0.381771 0.930093 0.020833 0.065741
