0 0.479427 0.918056 0.036979 0.028704
0 0.177604 0.056019 0.025000 0.056481
0 0.016146 0.829630 0.021875 0.066667
0 0.549479 0.742593 0.027083 0.059259
0 0.375781 0.779630 0.024479 0.075926
0 0.447656 0.058333 0.029687 0.074074
0 0.311458 0.872685 0.023958 0.043519
0 0.674479 0.689815 0.021875 0.059259
0 0.377604 0.097685 0.032292 0.050926
0 0.973177 0.453241 0.029687 0.058333
0 0.477604 0.755556 0.027083 0.050000
0 0.435677 0.067593 0.018229 0.070370
0 0.887500 0.829630 0.052083 0.061111
0 0.459635 0.041204 0.024479 0.062037
0 0.972656 0.038426 0.024479 0.056481
0 0.130729 0.803704 0.033333 0.035185
0 0.425260 0.470370 0.033854 0.037037
0 0.695312 0.866667 0.044792 0.048148
0 0.702083 0.351389 0.027083 0.091667
0 0.786198 0.884259 0.022396 0.040741
0 0.493229 0.660648 0.016667 0.043519
0 0.149479 0.022222 0.030208 0.044444
