0 0.008854 0.431944 0.017708 0.060185
0 0.150781 0.530556 0.045312 0.048148
0 0.010937 0.480556 0.021875 0.051852
0 0.470052 0.862500 0.045312 0.082407
0 0.125781 0.549537 0.052604 0.047222
0 0.365104 0.077778 0.033333 0.042593
0 0.758333 0.213426 0.017708 0.073148
0 0.661458 0.121759 0.025000 0.052778
0 0.333854 0.149537 0.025000 0.110185
0 0.385156 0.934259 0.021354 0.066667
0 0.905729 0.156944 0.029167 0.069444
0 0.423177 0.527315 0.034896 0.039815
0 0.933073 0.710185 0.034896 0.044444
0 0.958073 0.505093 0.031771 0.071296
0 0.478385 0.520370 0.021354 0.061111
