0 0.993229 0.036111 0.013542 0.070370
0 0.593229 0.926852 0.026042 0.050000
0 0.829427 0.091204 0.018229 0.054630
0 0.306250 0.441667 0.026042 0.053704
0 0.577604 0.568519 0.017708 0.038889
0 0.729427 0.013426 0.028646 0.026852
0 0.597656 0.072685 0.030729 0.030556
0 0.640625 0.901852 0.026042 0.059259
0 0.570052 0.958333 0.023438 0.053704
0 0.330729 0.705556 0.035417 0.035185
0 0.265885 0.185648 0.022396 0.087963
0 0.023177 0.353241 0.025521 0.080556
0 0.308854 0.741204 0.033333 0.047222
0 0.538281 0.743519 0.015104 0.051852
0 0.936458 0.165741 0.042708 0.038889
0 0.591406 0.135185 0.030729 0.029630
0 0.488281 0.760185 0.023438 0.025926
0 0.105729 0.244444 0.021875 0.062963
0 0.768229 0.250926 0.023958 0.031481
0 0.793229 0.323148 0.019792 0.048148
0 0.071354 0.812963 0.027083 0.051852
0 0.535156 0.363889 0.023438 0.035185
0 0.388802 0.330556 0.034896 0.035185
0 0.844010 0.947685 0.028646 0.067593
0 0.527604 0.468056 0.015625 0.054630
0 0.452604 0.264815 0.017708 0.062963
0 0.760677 0.462963 0.033854 0.046296
0 0.885677 0.072685 0.038021 0.032407
0 0.771875 0.418056 0.018750 0.065741
0 0.705729 0.909722 0.035417 0.030556
0 0.536979 0.607407 0.042708 0.048148
0 0.913802 0.614815 0.035937 0.042593
0 0.623177 0.561111 0.022396 0.070370
0 0.273438 0.428704 0.041667 0.057407
0 0.720313 0.667593 0.018750 0.075926
0 0.232813 0.343981 0.026042 0.063889
0 0.314583 0.861574 0.043750 0.041667
0 0.858333 0.952315 0.033333 0.041667
