0 0.890972 0.892327 0.020833 0.042079
0 0.642361 0.398515 0.020833 0.064356
0 0.122222 0.569307 0.025000 0.044554
0 0.987500 0.478960 0.022222 0.047030
0 0.183333 0.657178 0.036111 0.032178
0 0.726389 0.509901 0.022222 0.054455
0 0.183333 0.379950 0.027778 0.056931
0 0.817361 0.779703 0.023611 0.079208
0 0.464583 0.511139 0.026389 0.061881
0 0.119444 0.422030 0.036111 0.051980
0 0.133333 0.232673 0.044444 0.034653
0 0.369444 0.243812 0.027778 0.042079
0 0.476389 0.043317 0.030556 0.042079
0 0.795833 0.662129 0.030556 0.081683
0 0.861111 0.456683 0.033333 0.042079
0 0.539583 0.746287 0.020833 0.066832
0 0.772222 0.474010 0.025000 0.066832
0 0.668750 0.509901 0.031944 0.064356
0 0.420833 0.477723 0.044444 0.034653
0 0.445833 0.240099 0.016667 0.069307
0 0.050000 0.773515 0.030556 0.071782
0 0.734722 0.632426 0.019444 0.091584
0 0.647222 0.825495 0.036111 0.066832
0 0.911111 0.179455 0.047222 0.076733
