0 0.445852 0.117023 0.023995 0.058120
0 0.497536 0.337458 0.014865 0.052694
0 0.591010 0.713731 0.029938 0.051537
0 0.799701 0.714194 0.028568 0.061722
0 0.794432 0.755264 0.031573 0.097565
0 0.907497 0.412713 0.035828 0.042093
0 0.983135 0.494685 0.021479 0.085667
0 0.526685 0.064727 0.014828 0.070194
0 0.191987 0.180699 0.021474 0.050287
0 0.180659 0.536125 0.032151 0.033361
0 0.463911 0.954315 0.041365 0.064185
0 0.803216 0.861690 0.032474 0.045602
0 0.598180 0.564153 0.020318 0.076454
0 0.381477 0.536130 0.017120 0.051889
0 0.737523 0.663486 0.028172 0.075120
0 0.443636 0.732750 0.049943 0.030441
0 0.116510 0.105530 0.026398 0.044394
0 0.089755 0.804414 0.034247 0.019026
0 0.169307 0.670599 0.026398 0.073567
0 0.026969 0.718163 0.048516 0.016489
0 0.058362 0.729579 0.047089 0.024099
0 0.033034 0.813927 0.060645 0.025368
0 0.199272 0.936961 0.033533 0.017757
