0 0.873611 0.978960 0.016667 0.037129
0 0.127083 0.115099 0.020833 0.051980
0 0.820833 0.866337 0.033333 0.054455
0 0.573611 0.474010 0.022222 0.061881
0 0.103472 0.071782 0.034722 0.103960
0 0.672222 0.628713 0.033333 0.029703
0 0.020833 0.351485 0.044444 0.064356
0 0.162500 0.544554 0.027778 0.064356
0 0.447222 0.436881 0.069444 0.042079
0 0.504861 0.426980 0.051389 0.051980
0 0.781250 0.971535 0.031944 0.051980
0 0.053472 0.648515 0.056944 0.044554
0 0.148611 0.951733 0.033333 0.061881
0 0.245833 0.568069 0.025000 0.061881
0 0.270833 0.267327 0.044444 0.084158
