0 0.293162 0.485532 0.031912 0.049189
0 0.239919 0.094492 0.048956 0.106953
0 0.862857 0.474810 0.033066 0.049229
0 0.947059 0.644507 0.026471 0.035107
0 0.358971 0.700186 0.017941 0.046855
0 0.855261 0.877144 0.045816 0.047256
0 0.344224 0.023438 0.044331 0.039062
0 0.676915 0.120811 0.024419 0.063887
0 0.521195 0.901436 0.032096 0.037246
0 0.055254 0.096016 0.020801 0.033828
0 0.168599 0.147520 0.044551 0.097773
0 0.402121 0.116133 0.060125 0.029141
0 0.537886 0.065000 0.016949 0.053828
0 0.526290 0.209229 0.030522 0.043457
0 0.814949 0.111616 0.038721 0.051357
0 0.806165 0.250781 0.062331 0.095313
0 0.988349 0.126646 0.023757 0.075557
0 0.938816 0.292065 0.034985 0.078271
0 0.475254 0.305547 0.018154 0.044687
0 0.136908 0.349868 0.034110 0.023955
0 0.123077 0.473618 0.075566 0.083955
0 0.745018 0.471138 0.025331 0.034072
0 0.253956 0.583252 0.024088 0.043457
0 0.068507 0.615713 0.028191 0.041973
0 0.043669 0.675039 0.056456 0.041484
0 0.397857 0.861191 0.038360 0.040742
0 0.486143 0.913374 0.017875 0.029873
0 0.420522 0.957017 0.016044 0.040986
0 0.463809 0.784561 0.017324 0.024199
0 0.621121 0.808838 0.040772 0.043457
0 0.884283 0.782886 0.028860 0.030615
0 0.897210 0.810195 0.040007 0.024687
0 0.541776 0.607857 0.030895 0.048418
0 0.952399 0.170025 0.042570 0.029811
