0 0.129412 0.554199 0.060294 0.028320
0 0.561029 0.287109 0.025000 0.037109
0 0.487868 0.662598 0.022794 0.045898
0 0.101103 0.891602 0.027206 0.027344
0 0.096691 0.733398 0.028676 0.027344
0 0.489706 0.518555 0.017647 0.039062
0 0.377574 0.172363 0.028676 0.045898
0 0.519485 0.369141 0.025735 0.052734
0 0.943015 0.195312 0.025735 0.031250
0 0.463603 0.054199 0.021324 0.057617
0 0.338235 0.313477 0.029412 0.037109
0 0.406985 0.224609 0.024265 0.039062
0 0.609926 0.210938 0.053676 0.050781
