0 0.208333 0.978704 0.035417 0.040741
0 0.595052 0.619444 0.015104 0.048148
0 0.270833 0.728241 0.031250 0.030556
0 0.300000 0.700463 0.031250 0.043519
0 0.537500 0.145833 0.022917 0.034259
0 0.132552 0.061111 0.035937 0.055556
0 0.272135 0.687500 0.023438 0.047222
0 0.110156 0.623148 0.033854 0.062963
0 0.566406 0.581481 0.014063 0.064815
0 0.707552 0.809722 0.018229 0.069444
0 0.058854 0.478241 0.031250 0.043519
0 0.388281 0.379167 0.018229 0.047222
0 0.455729 0.664352 0.025000 0.030556
0 0.281510 0.226852 0.018229 0.062963
0 0.429948 0.324537 0.031771 0.032407
0 0.640625 0.248611 0.035417 0.034259
0 0.448958 0.834722 0.029167 0.032407
0 0.633333 0.906944 0.033333 0.025000
0 0.428906 0.652778 0.029687 0.053704
0 0.780729 0.978241 0.034375 0.043519
0 0.421354 0.135648 0.022917 0.045370
0 0.676302 0.678704 0.039062 0.044444
0 0.113281 0.664815 0.038021 0.053704
0 0.610156 0.943519 0.027604 0.088889
0 0.328906 0.845370 0.024479 0.051852
0 0.583333 0.154167 0.030208 0.052778
0 0.233854 0.209259 0.039583 0.031481
0 0.315885 0.275926 0.029687 0.038889
0 0.702083 0.553241 0.036458 0.030556
0 0.327604 0.407870 0.028125 0.084259
0 0.334635 0.768519 0.035937 0.031481
0 0.837760 0.797685 0.017188 0.054630
0 0.511198 0.324537 0.021354 0.047222
0 0.950000 0.868519 0.030208 0.050000
0 0.712500 0.196296 0.031250 0.064815
0 0.857031 0.180093 0.031771 0.069444
0 0.528906 0.984259 0.031771 0.031481
0 0.553906 0.980093 0.029687 0.037963
0 0.210156 0.877778 0.024479 0.042593
0 0.899479 0.779167 0.014583 0.050926
0 0.951562 0.801389 0.018750 0.062037
0 0.260156 0.342593 0.019271 0.046296
