0 0.518716 0.328074 0.045766 0.052444
0 0.456844 0.093069 0.032437 0.065769
0 0.399031 0.479287 0.032437 0.073389
0 0.160151 0.499616 0.057802 0.080713
0 0.782641 0.721912 0.048615 0.077157
0 0.815987 0.773569 0.045516 0.050843
0 0.756927 0.889759 0.033646 0.057296
0 0.603979 0.725190 0.046500 0.042972
0 0.463542 0.962102 0.032292 0.076056
0 0.583497 0.017417 0.031578 0.034833
0 0.475354 0.022324 0.030917 0.042796
0 0.440638 0.307963 0.036484 0.040000
0 0.687260 0.657671 0.042229 0.035713
0 0.692690 0.019843 0.048922 0.039685
0 0.991755 0.527250 0.016844 0.067463
0 0.416682 0.025792 0.017740 0.051583
0 0.636227 0.104366 0.016203 0.066139
0 0.536161 0.508995 0.024406 0.047620
0 0.205396 0.956745 0.043083 0.026454
0 0.054375 0.645898 0.032708 0.034389
