0 0.007552 0.143519 0.016146 0.064815
0 0.272135 0.730093 0.033854 0.052778
0 0.407813 0.975926 0.016667 0.031481
0 0.510938 0.871296 0.028125 0.025926
0 0.500000 0.302315 0.013542 0.049074
0 0.732552 0.557407 0.019271 0.033333
0 0.895052 0.089352 0.026562 0.039815
0 0.268750 0.765278 0.038542 0.039815
0 0.567708 0.660648 0.014583 0.043519
0 0.745052 0.147222 0.015104 0.044444
0 0.561979 0.393056 0.020833 0.037963
0 0.658073 0.355093 0.028646 0.023148
0 0.580729 0.194907 0.033333 0.034259
0 0.552083 0.677315 0.030208 0.030556
0 0.388281 0.636111 0.024479 0.046296
0 0.943229 0.370370 0.022917 0.046296
0 0.438802 0.643056 0.022396 0.030556
0 0.503906 0.675926 0.021354 0.031481
0 0.579427 0.868981 0.020313 0.071296
0 0.901302 0.490741 0.023438 0.050000
0 0.686979 0.977315 0.030208 0.028704
0 0.140104 0.909722 0.035417 0.036111
0 0.515885 0.387500 0.015104 0.045370
0 0.466927 0.705556 0.029687 0.040741
0 0.219531 0.141667 0.026562 0.040741
0 0.168229 0.931481 0.033333 0.062963
0 0.363802 0.417130 0.021354 0.030556
0 0.693750 0.106481 0.038542 0.031481
0 0.540104 0.968056 0.023958 0.058333
0 0.696354 0.191667 0.019792 0.062963
0 0.653385 0.243056 0.024479 0.050926
0 0.607031 0.739815 0.014063 0.050000
0 0.373177 0.856019 0.024479 0.043519
0 0.204427 0.326852 0.046354 0.061111
0 0.956510 0.625926 0.029687 0.046296
0 0.788802 0.412963 0.038021 0.037037
0 0.297656 0.530556 0.026562 0.040741
0 0.340885 0.539352 0.024479 0.063889
0 0.728906 0.855093 0.035937 0.043519
0 0.947656 0.502315 0.024479 0.047222
0 0.549479 0.069444 0.042708 0.044444
0 0.494531 0.604167 0.030729 0.025000
0 0.780208 0.790741 0.027083 0.048148
0 0.507031 0.182870 0.029687 0.052778
0 0.332031 0.249537 0.024479 0.056481
