0 0.622794 0.582520 0.025000 0.036133
0 0.006618 0.297852 0.013235 0.105469
0 0.568015 0.639648 0.022794 0.029297
0 0.604044 0.162598 0.027206 0.036133
0 0.961029 0.625977 0.038235 0.035156
0 0.581985 0.342773 0.030147 0.042969
0 0.344485 0.414062 0.027206 0.039062
0 0.779412 0.497559 0.038235 0.032227
0 0.801103 0.101562 0.028676 0.035156
0 0.621691 0.018066 0.036029 0.028320
0 0.372426 0.358398 0.024265 0.035156
0 0.516544 0.337402 0.033088 0.040039
0 0.307353 0.200684 0.033824 0.047852
0 0.183456 0.424316 0.034559 0.038086
