0 0.208073 0.818981 0.038021 0.039815
0 0.488281 0.514815 0.029687 0.083333
0 0.984635 0.533333 0.030729 0.042593
0 0.505729 0.497222 0.029167 0.070370
0 0.763281 0.276389 0.035937 0.041667
0 0.158854 0.027778 0.031250 0.042593
0 0.220312 0.783796 0.046875 0.041667
0 0.670052 0.795833 0.035937 0.039815
0 0.640104 0.019907 0.032292 0.037963
0 0.890104 0.692130 0.042708 0.056481
0 0.522656 0.214352 0.021354 0.071296
0 0.560677 0.206481 0.018229 0.079630
0 0.710156 0.583796 0.040104 0.052778
