0 0.831250 0.317130 0.021875 0.043519
0 0.163802 0.223611 0.032813 0.095370
0 0.158854 0.186111 0.048958 0.072222
0 0.213281 0.700926 0.029687 0.044444
0 0.588802 0.674074 0.024479 0.059259
0 0.945833 0.568519 0.041667 0.033333
0 0.620052 0.012500 0.024479 0.025000
0 0.845052 0.857870 0.030729 0.028704
0 0.269531 0.977778 0.019271 0.040741
0 0.787760 0.453704 0.031771 0.053704
0 0.678906 0.288889 0.048438 0.094444
0 0.303385 0.742593 0.027604 0.059259
0 0.574740 0.281481 0.028646 0.029630
0 0.461198 0.219907 0.024479 0.039815
0 0.268229 0.718056 0.025000 0.058333
0 0.602604 0.628704 0.020833 0.068519
0 0.569531 0.586111 0.018229 0.053704
0 0.610677 0.965741 0.042188 0.046296
0 0.072135 0.955093 0.049479 0.037963
0 0.899479 0.777778 0.034375 0.061111
0 0.821354 0.431944 0.057292 0.089815
0 0.232813 0.705556 0.034375 0.051852
0 0.415104 0.230556 0.032292 0.033333
0 0.930729 0.650463 0.042708 0.076852
0 0.803125 0.333796 0.021875 0.062037
0 0.979427 0.122685 0.040104 0.071296
0 0.608854 0.759259 0.051042 0.035185
0 0.780729 0.229630 0.023958 0.066667
0 0.558073 0.180556 0.019271 0.070370
0 0.501302 0.709722 0.035937 0.065741
0 0.644531 0.453704 0.018229 0.070370
0 0.660156 0.243519 0.033854 0.029630
0 0.334375 0.118056 0.029167 0.076852
0 0.162760 0.262963 0.035937 0.096296
0 0.931510 0.612963 0.028646 0.042593
