0 0.797573 0.714380 0.034729 0.065796
0 0.794745 0.758843 0.041573 0.073241
0 0.739214 0.673537 0.025302 0.078556
0 0.608544 0.716333 0.034797 0.054889
0 0.599919 0.554431 0.031089 0.069972
0 0.908513 0.407625 0.032651 0.054139
0 0.981810 0.487699 0.022995 0.082806
0 0.462951 0.951690 0.033193 0.083009
0 0.376021 0.531644 0.042667 0.059583
0 0.501862 0.331694 0.024557 0.078204
0 0.172242 0.531685 0.028859 0.044852
0 0.187557 0.171218 0.035531 0.059102
0 0.117203 0.105810 0.033365 0.054213
0 0.040591 0.721074 0.081182 0.031037
0 0.199435 0.940528 0.037411 0.034759
0 0.532948 0.419343 0.032562 0.036833
0 0.808263 0.865745 0.048818 0.083343
0 0.414599 0.043653 0.017740 0.087306
0 0.453583 0.122620 0.031125 0.048944
0 0.530953 0.065343 0.024406 0.062167
0 0.580724 0.017194 0.038531 0.034389
0 0.503727 0.033069 0.014745 0.066139
0 0.431708 0.733069 0.041542 0.029102
