0 0.105515 0.483398 0.043382 0.058594
0 0.821691 0.268066 0.028676 0.065430
0 0.506618 0.910156 0.060294 0.037109
0 0.987132 0.124023 0.022794 0.060547
0 0.945588 0.274902 0.030882 0.034180
0 0.989706 0.700195 0.020588 0.027344
0 0.441544 0.264648 0.031618 0.035156
0 0.991176 0.155273 0.016176 0.046875
0 0.857721 0.490234 0.025735 0.044922
0 0.131618 0.445312 0.055882 0.037109
0 0.028309 0.666016 0.018382 0.037109
0 0.157353 0.139648 0.042647 0.046875
0 0.934191 0.035645 0.031618 0.043945
0 0.861029 0.887695 0.023529 0.039062
0 0.174632 0.151855 0.033088 0.071289
0 0.490441 0.813477 0.045588 0.039062
0 0.246324 0.768066 0.032353 0.030273
0 0.053676 0.096191 0.023529 0.032227
0 0.524632 0.905273 0.030147 0.025391
0 0.806618 0.244141 0.045588 0.083984
0 0.857721 0.979980 0.033088 0.040039
0 0.257353 0.604980 0.019118 0.045898
0 0.933456 0.311523 0.022794 0.048828
0 0.541544 0.072266 0.028676 0.041016
0 0.126838 0.467773 0.075735 0.070312
0 0.238971 0.090820 0.030882 0.056641
0 0.122426 0.365234 0.027206 0.058594
0 0.913971 0.811523 0.045588 0.037109
0 0.343382 0.014648 0.025000 0.031250
0 0.405147 0.875977 0.038235 0.037109
0 0.475735 0.310059 0.025000 0.047852
0 0.080147 0.608398 0.030882 0.037109
0 0.402941 0.110352 0.041176 0.029297
0 0.419485 0.969238 0.024265 0.040039
0 0.805147 0.103027 0.039706 0.028320
0 0.361765 0.703613 0.027941 0.045898
0 0.286029 0.483398 0.025000 0.058594
0 0.515441 0.212402 0.055882 0.059570
0 0.673162 0.125977 0.021324 0.054688
0 0.946691 0.646484 0.022794 0.052734
