0 0.944485 0.195312 0.027206 0.031250
0 0.519118 0.628906 0.023529 0.044922
0 0.101471 0.893555 0.023529 0.023438
0 0.488971 0.518066 0.016176 0.038086
0 0.520956 0.372070 0.024265 0.048828
0 0.337868 0.314941 0.025735 0.036133
0 0.375735 0.172852 0.026471 0.042969
0 0.463235 0.056641 0.020588 0.058594
0 0.408456 0.222656 0.024265 0.037109
0 0.097426 0.733398 0.027206 0.025391
0 0.488235 0.665527 0.020588 0.043945
0 0.608456 0.208984 0.053676 0.052734
0 0.124632 0.560059 0.052206 0.034180
