0 0.640441 0.021484 0.017647 0.041016
0 0.577941 0.366699 0.035294 0.045898
0 0.630515 0.224609 0.028676 0.027344
0 0.643015 0.582031 0.025735 0.031250
0 0.808824 0.558105 0.017647 0.045898
0 0.644118 0.842773 0.023529 0.048828
0 0.553676 0.349609 0.044118 0.042969
0 0.336029 0.196777 0.016176 0.045898
0 0.780515 0.089355 0.022794 0.043945
0 0.777574 0.219238 0.022794 0.049805
0 0.017647 0.304688 0.035294 0.033203
0 0.362500 0.424316 0.029412 0.032227
0 0.429044 0.613770 0.021324 0.047852
0 0.641176 0.327148 0.025000 0.042969
0 0.758088 0.533691 0.026471 0.026367
0 0.677574 0.417480 0.033088 0.028320
