0 0.967761 0.349919 0.019426 0.053718
0 0.572263 0.622731 0.012234 0.067685
0 0.451971 0.796398 0.018526 0.090944
0 0.333031 0.445593 0.041063 0.043037
0 0.617583 0.412944 0.015375 0.046259
0 0.828196 0.647768 0.018550 0.048199
0 0.778967 0.934424 0.022831 0.055809
0 0.728667 0.293886 0.026398 0.035515
0 0.938428 0.340183 0.020691 0.041857
0 0.469321 0.709285 0.019977 0.029173
0 0.518550 0.536783 0.012842 0.059614
0 0.415454 0.571664 0.030679 0.045662
0 0.816781 0.680112 0.015696 0.026636
0 0.837471 0.543125 0.012842 0.046930
