0 0.511979 0.580556 0.021875 0.029630
0 0.980729 0.340278 0.036458 0.034259
0 0.560156 0.738889 0.022396 0.035185
0 0.655729 0.367130 0.014583 0.049074
0 0.244531 0.645370 0.034896 0.025926
0 0.938802 0.103704 0.044271 0.055556
0 0.677604 0.532870 0.030208 0.041667
0 0.570573 0.101852 0.028646 0.042593
0 0.563802 0.692130 0.015104 0.060185
0 0.372656 0.891667 0.020313 0.048148
0 0.733854 0.318056 0.020833 0.045370
0 0.979427 0.694444 0.019271 0.079630
0 0.892708 0.570370 0.023958 0.055556
0 0.378906 0.525463 0.018229 0.063889
