0 0.683088 0.952148 0.064706 0.085938
0 0.979779 0.424805 0.038971 0.066406
0 0.842647 0.743652 0.026471 0.049805
0 0.678676 0.965820 0.054412 0.056641
0 0.934191 0.420898 0.059559 0.041016
0 0.476838 0.168945 0.019853 0.070312
0 0.361765 0.023926 0.020588 0.049805
0 0.173529 0.476074 0.050000 0.047852
0 0.776103 0.113281 0.058088 0.037109
0 0.029779 0.147949 0.031618 0.073242
0 0.721691 0.061035 0.061029 0.045898
0 0.390441 0.347656 0.054412 0.060547
0 0.546324 0.719727 0.088235 0.066406
0 0.389338 0.608398 0.055147 0.060547
0 0.900735 0.747070 0.048529 0.048828
0 0.672794 0.070312 0.042647 0.085938
0 0.522794 0.933105 0.073529 0.104492
