0 0.341912 0.006348 0.030882 0.014648
0 0.034926 0.054688 0.028676 0.048828
0 0.427574 0.972656 0.022794 0.039062
0 0.989706 0.693848 0.020588 0.034180
0 0.390074 0.304688 0.025735 0.042969
0 0.036029 0.026855 0.025000 0.038086
0 0.930882 0.897949 0.035294 0.034180
0 0.036029 0.471191 0.033824 0.032227
0 0.086397 0.429688 0.033088 0.044922
0 0.577206 0.816406 0.039706 0.029297
0 0.841912 0.179688 0.020588 0.037109
0 0.722426 0.893066 0.028676 0.041992
0 0.648162 0.645020 0.028676 0.051758
0 0.845956 0.492188 0.018382 0.048828
0 0.034559 0.077148 0.030882 0.025391
0 0.463603 0.081055 0.030147 0.025391
0 0.426838 0.302734 0.028676 0.042969
0 0.169118 0.018066 0.016176 0.038086
0 0.291176 0.742188 0.032353 0.039062
0 0.216544 0.330566 0.018382 0.043945
0 0.152206 0.679688 0.027941 0.072266
0 0.064706 0.729980 0.061765 0.049805
0 0.642279 0.096191 0.043382 0.049805
0 0.964706 0.127441 0.022059 0.051758
0 0.128309 0.610352 0.028676 0.060547
0 0.011029 0.545898 0.023529 0.041016
0 0.415074 0.361816 0.036029 0.045898
0 0.438235 0.400391 0.025000 0.042969
0 0.134559 0.228516 0.020588 0.058594
0 0.550368 0.033691 0.018382 0.041992
