0 0.445854 0.628523 0.013583 0.084824
0 0.456398 0.629685 0.026339 0.109370
0 0.524951 0.784056 0.035318 0.055148
0 0.751122 0.422208 0.061620 0.048120
0 0.982445 0.886468 0.034682 0.054417
0 0.461047 0.386778 0.041885 0.045778
0 0.202346 0.157009 0.066151 0.043648
0 0.093432 0.300000 0.037906 0.157407
0 0.309997 0.051986 0.035620 0.078046
0 0.121147 0.678209 0.064212 0.038052
0 0.415097 0.740360 0.024258 0.081177
0 0.610588 0.621766 0.052797 0.062151
0 0.941638 0.266616 0.069920 0.074835
0 0.036601 0.726408 0.053510 0.030441
0 0.423659 0.807585 0.032820 0.078640
0 0.382634 0.619229 0.053510 0.029173
0 0.324843 0.460046 0.034960 0.058346
0 0.148973 0.550101 0.058505 0.025368
