0 0.870573 0.881944 0.053646 0.037963
0 0.894010 0.598611 0.034896 0.032407
0 0.555729 0.435185 0.028125 0.101852
0 0.700781 0.453704 0.019271 0.062963
0 0.080729 0.559259 0.048958 0.050000
0 0.540885 0.470833 0.029687 0.071296
0 0.596875 0.235648 0.040625 0.056481
0 0.520052 0.874537 0.032813 0.041667
0 0.835677 0.048148 0.026562 0.075926
0 0.560156 0.202315 0.043229 0.049074
0 0.982031 0.822685 0.035937 0.071296
0 0.378125 0.379630 0.037500 0.087037
0 0.882031 0.939815 0.036979 0.105556
0 0.395052 0.755556 0.030729 0.057407
0 0.941927 0.294907 0.051562 0.076852
0 0.314063 0.855556 0.040625 0.112963
0 0.423177 0.135648 0.035937 0.067593
0 0.491927 0.832407 0.030729 0.075926
