0 0.308854 0.755556 0.033333 0.050000
0 0.354427 0.829167 0.013021 0.049074
0 0.685156 0.722685 0.029687 0.032407
0 0.290104 0.168056 0.022917 0.034259
0 0.658073 0.318519 0.022396 0.042593
0 0.972656 0.868981 0.020313 0.062037
0 0.599479 0.205556 0.027083 0.037037
0 0.273698 0.712037 0.023438 0.053704
0 0.465885 0.890278 0.018229 0.058333
0 0.329688 0.667593 0.028125 0.051852
0 0.200781 0.625000 0.024479 0.079630
0 0.441406 0.200000 0.021354 0.046296
0 0.920312 0.872222 0.018750 0.057407
0 0.621354 0.221759 0.015625 0.069444
0 0.061458 0.564815 0.030208 0.053704
0 0.894531 0.257407 0.033854 0.050000
0 0.289583 0.355556 0.018750 0.088889
0 0.723177 0.616204 0.020313 0.050926
0 0.727865 0.895833 0.025521 0.062037
0 0.020833 0.585185 0.036458 0.037037
0 0.629427 0.964815 0.020313 0.050000
0 0.858854 0.848611 0.016667 0.049074
0 0.548958 0.052778 0.040625 0.075926
0 0.696354 0.733333 0.033333 0.033333
0 0.461979 0.720833 0.030208 0.043519
0 0.334375 0.470370 0.018750 0.085185
0 0.514583 0.529630 0.018750 0.037037
0 0.877604 0.263426 0.021875 0.056481
0 0.157031 0.130093 0.027604 0.071296
0 0.735156 0.266667 0.030729 0.057407
0 0.128385 0.737963 0.035937 0.074074
0 0.310156 0.267593 0.035937 0.037037
0 0.419010 0.457870 0.024479 0.039815
0 0.253125 0.279167 0.037500 0.043519
0 0.564063 0.671759 0.032292 0.039815
0 0.365365 0.896759 0.047396 0.076852
0 0.108854 0.490278 0.056250 0.025000
0 0.968229 0.642593 0.017708 0.064815
0 0.971354 0.016204 0.017708 0.032407
0 0.659635 0.023148 0.019271 0.046296
