0 0.186003 0.192509 0.019922 0.068352
0 0.214117 0.295782 0.029276 0.080454
0 0.518089 0.202468 0.016385 0.066046
0 0.416039 0.257569 0.034161 0.037361
0 0.626698 0.112157 0.033604 0.042833
0 0.433745 0.714199 0.017490 0.080250
0 0.188081 0.507880 0.029286 0.060204
0 0.775159 0.393028 0.028443 0.034204
0 0.728099 0.436329 0.025990 0.043028
0 0.255280 0.422628 0.032820 0.031710
0 0.241724 0.059234 0.037100 0.058346
0 0.214969 0.138508 0.034960 0.034247
0 0.754709 0.644597 0.031393 0.021563
