0 0.525694 0.353960 0.048611 0.064356
0 0.227083 0.667079 0.029167 0.032178
0 0.256250 0.637376 0.031944 0.032178
0 0.076389 0.018564 0.030556 0.042079
0 0.825000 0.871287 0.030556 0.054455
0 0.208333 0.141089 0.044444 0.049505
0 0.520833 0.362624 0.050000 0.071782
0 0.186111 0.506188 0.055556 0.066832
0 0.853472 0.950495 0.031944 0.079208
0 0.057639 0.133663 0.040278 0.074257
0 0.136111 0.923267 0.027778 0.049505
0 0.783333 0.966584 0.027778 0.051980
0 0.036111 0.564356 0.047222 0.044554
0 0.670833 0.627475 0.036111 0.032178
0 0.832639 0.059406 0.040278 0.059406
0 0.853472 0.808168 0.037500 0.042079
0 0.573611 0.358911 0.033333 0.049505
0 0.479861 0.325495 0.040278 0.086634
