0 0.140625 0.535648 0.046875 0.041667
0 0.208333 0.804167 0.021875 0.082407
0 0.140625 0.581019 0.038542 0.078704
0 0.159635 0.018981 0.044271 0.036111
0 0.478906 0.450926 0.023438 0.075926
0 0.994531 0.538889 0.010937 0.077778
0 0.741406 0.208333 0.027604 0.040741
0 0.404427 0.327778 0.018229 0.072222
0 0.688802 0.787963 0.040104 0.072222
0 0.491927 0.486111 0.045312 0.074074
0 0.527604 0.205093 0.051042 0.047222
0 0.561458 0.204630 0.036458 0.053704
0 0.774479 0.514815 0.036458 0.048148
0 0.224479 0.790741 0.041667 0.096296
0 0.907552 0.696296 0.041146 0.057407
