0 0.012932 0.980736 0.025865 0.039250
0 0.035513 0.973319 0.032484 0.048491
0 0.050464 0.651569 0.058219 0.047583
0 0.322544 0.859935 0.049255 0.042093
0 0.331846 0.818505 0.017859 0.079602
0 0.409096 0.356370 0.037984 0.096074
0 0.565500 0.514051 0.051833 0.050324
0 0.576328 0.473745 0.026615 0.054898
0 0.833372 0.052491 0.044870 0.042019
0 0.950313 0.252796 0.044375 0.068556
0 0.857875 0.927792 0.045958 0.055583
0 0.877273 0.919602 0.018089 0.061426
0 0.420164 0.148854 0.049603 0.050705
0 0.897904 0.577094 0.032862 0.056217
0 0.304866 0.194318 0.030679 0.077372
