0 0.641912 0.111816 0.023529 0.026367
0 0.791176 0.962891 0.029412 0.042969
0 0.986397 0.763184 0.025735 0.030273
0 0.643382 0.684570 0.022059 0.039062
0 0.411765 0.346191 0.020588 0.034180
0 0.380882 0.322266 0.030882 0.025391
0 0.557721 0.844238 0.028676 0.045898
0 0.459559 0.030273 0.016176 0.033203
0 0.915074 0.967773 0.028676 0.027344
0 0.825368 0.224609 0.018382 0.039062
0 0.851471 0.559570 0.030882 0.039062
0 0.845221 0.257324 0.025735 0.032227
0 0.630882 0.734863 0.029412 0.034180
0 0.458088 0.117188 0.038235 0.042969
0 0.016544 0.558105 0.031618 0.026367
0 0.342647 0.007812 0.029412 0.015625
0 0.948529 0.209473 0.017647 0.049805
0 0.040441 0.041016 0.030882 0.054688
0 0.905882 0.872070 0.036765 0.027344
0 0.124632 0.676270 0.033088 0.063477
0 0.837500 0.728516 0.025000 0.037109
0 0.966912 0.150391 0.023529 0.042969
0 0.914338 0.035645 0.043382 0.036133
0 0.510662 0.077148 0.022794 0.037109
0 0.730882 0.966309 0.025000 0.034180
0 0.376838 0.047363 0.022794 0.043945
0 0.563603 0.594727 0.044853 0.060547
0 0.794485 0.874023 0.018382 0.044922
0 0.069485 0.761230 0.025735 0.043945
0 0.038603 0.138184 0.019853 0.051758
0 0.023529 0.516602 0.029412 0.035156
0 0.225735 0.384277 0.023529 0.036133
0 0.660294 0.127441 0.038235 0.034180
0 0.401838 0.419434 0.043382 0.028320
0 0.127206 0.306152 0.032353 0.049805
0 0.300735 0.745605 0.041176 0.030273
0 0.429044 0.460938 0.041912 0.031250
0 0.438603 0.856934 0.024265 0.059570
0 0.563603 0.087402 0.025735 0.018555
