0 0.184722 0.376238 0.027778 0.049505
0 0.384722 0.242574 0.019444 0.054455
0 0.645833 0.428218 0.022222 0.054455
0 0.444444 0.235149 0.036111 0.049505
0 0.802083 0.643564 0.026389 0.064356
0 0.118750 0.422030 0.037500 0.051980
0 0.727083 0.502475 0.018056 0.054455
0 0.131250 0.230198 0.045833 0.034653
0 0.665972 0.509901 0.034722 0.069307
0 0.120833 0.569307 0.033333 0.039604
0 0.819444 0.754950 0.025000 0.099010
0 0.545833 0.752475 0.036111 0.034653
0 0.886806 0.889851 0.026389 0.051980
0 0.770833 0.492574 0.019444 0.074257
0 0.362500 0.272277 0.025000 0.064356
0 0.738194 0.646040 0.026389 0.074257
0 0.417361 0.478960 0.043056 0.037129
0 0.640972 0.836634 0.043056 0.034653
0 0.050000 0.789604 0.033333 0.069307
0 0.915972 0.172030 0.045833 0.081683
