0 0.775673 0.484719 0.055352 0.047785
0 0.755172 0.288060 0.038469 0.055750
0 0.611367 0.372292 0.046693 0.027917
0 0.590701 0.508694 0.037651 0.024796
0 0.647549 0.509097 0.027391 0.023750
0 0.889423 0.669516 0.039263 0.092593
0 0.935961 0.466699 0.027130 0.053769
0 0.604107 0.806287 0.025922 0.047759
0 0.656682 0.852042 0.015448 0.041120
0 0.858865 0.843616 0.031271 0.044639
0 0.492409 0.734542 0.032734 0.039454
0 0.375867 0.331523 0.011109 0.059343
0 0.385547 0.232991 0.014844 0.056722
0 0.233333 0.165412 0.018750 0.038231
0 0.299958 0.159731 0.018667 0.069463
0 0.134255 0.328181 0.024760 0.019324
0 0.120724 0.220894 0.024781 0.032528
0 0.587815 0.096991 0.035005 0.036574
0 0.724859 0.052032 0.033052 0.041102
0 0.624599 0.274929 0.046474 0.055556
0 0.563602 0.027319 0.057411 0.054639
0 0.190705 0.733618 0.044071 0.044160
0 0.262821 0.757123 0.055288 0.039886
0 0.144231 0.359687 0.068109 0.045584
0 0.149038 0.181624 0.029647 0.062678
0 0.080128 0.263533 0.021635 0.047009
0 0.500801 0.522792 0.031250 0.029915
0 0.948718 0.179487 0.042468 0.041311
0 0.188702 0.222934 0.027244 0.068376
0 0.862580 0.726496 0.041667 0.032764
0 0.762420 0.413105 0.019231 0.052707
0 0.423478 0.887464 0.032051 0.047009
