0 0.674740 0.467130 0.025521 0.028704
0 0.412760 0.112963 0.022396 0.081481
0 0.413281 0.299537 0.026562 0.036111
0 0.813802 0.098148 0.024479 0.031481
0 0.410677 0.120370 0.020313 0.068519
0 0.510677 0.864815 0.036979 0.033333
0 0.781510 0.379167 0.024479 0.026852
0 0.141927 0.233333 0.050521 0.038889
0 0.108333 0.275000 0.037500 0.051852
0 0.185677 0.607407 0.019271 0.061111
0 0.921354 0.279167 0.038542 0.054630
0 0.972656 0.040741 0.045312 0.046296
0 0.466927 0.307870 0.041146 0.036111
0 0.317188 0.718056 0.025000 0.023148
0 0.039583 0.602315 0.042708 0.039815
0 0.171875 0.649074 0.041667 0.046296
0 0.508333 0.723148 0.031250 0.057407
0 0.758333 0.855556 0.036458 0.046296
0 0.413281 0.166667 0.033854 0.037037
0 0.615104 0.750000 0.033333 0.044444
0 0.542708 0.385648 0.033333 0.054630
0 0.632031 0.890741 0.033854 0.033333
0 0.416406 0.917130 0.019271 0.060185
0 0.538281 0.774074 0.025521 0.127778
0 0.397135 0.931019 0.022396 0.069444
0 0.575781 0.088889 0.040104 0.037037
0 0.231250 0.054167 0.032292 0.071296
0 0.686979 0.827778 0.020833 0.088889
0 0.673177 0.732870 0.032813 0.030556
0 0.565885 0.155556 0.031771 0.118519
0 0.749479 0.605556 0.032292 0.040741
0 0.208333 0.194444 0.047917 0.046296
0 0.894531 0.618981 0.023438 0.063889
0 0.566406 0.663889 0.052604 0.057407
0 0.436979 0.642130 0.039583 0.058333
0 0.328906 0.078704 0.043229 0.062963
0 0.483333 0.079167 0.030208 0.058333
0 0.834635 0.682870 0.044271 0.056481
0 0.515885 0.195370 0.033854 0.101852
0 0.609375 0.435185 0.047917 0.055556
0 0.523177 0.380556 0.017188 0.038889
