0 0.315451 0.176620 0.023609 0.062500
0 0.233223 0.170326 0.047376 0.088515
0 0.820667 0.609598 0.060405 0.109509
0 0.756677 0.672917 0.023771 0.099537
0 0.527466 0.797917 0.060141 0.034722
0 0.452193 0.586806 0.036677 0.025463
0 0.432701 0.706481 0.031026 0.055556
0 0.687179 0.905093 0.022276 0.060185
0 0.131432 0.690278 0.032656 0.050926
0 0.190865 0.553063 0.042147 0.032051
0 0.148010 0.380000 0.030396 0.071111
0 0.164534 0.430065 0.022818 0.052722
0 0.969807 0.853125 0.020865 0.078472
0 0.974224 0.436273 0.045323 0.042917
0 0.770833 0.038533 0.031250 0.032621
0 0.077724 0.561254 0.018429 0.069801
0 0.559295 0.465812 0.039263 0.044160
0 0.423478 0.091168 0.035256 0.032764
0 0.319712 0.238604 0.028045 0.048433
0 0.620593 0.929487 0.017628 0.056980
0 0.322516 0.779915 0.019231 0.074074
0 0.127003 0.226496 0.036859 0.027066
