0 0.246415 0.091797 0.014890 0.062500
0 0.228026 0.144434 0.025169 0.046680
0 0.174919 0.146484 0.027779 0.074219
0 0.285390 0.496094 0.026662 0.074219
0 0.103000 0.494141 0.072176 0.035156
0 0.883290 0.486328 0.045993 0.046875
0 0.861114 0.503379 0.028110 0.032148
0 0.947011 0.666670 0.023434 0.054043
0 0.892007 0.804526 0.028132 0.040693
0 0.864426 0.909307 0.040618 0.043223
0 0.508934 0.907837 0.056103 0.036377
0 0.400559 0.892471 0.032000 0.029082
0 0.358404 0.691733 0.031515 0.043623
0 0.252952 0.615483 0.017669 0.070811
0 0.049772 0.108452 0.027485 0.050889
0 0.409195 0.112705 0.033096 0.039863
0 0.680132 0.146650 0.035265 0.068691
0 0.820860 0.129355 0.027015 0.026289
0 0.990357 0.179341 0.018949 0.075479
0 0.972048 0.204629 0.013213 0.038164
0 0.799228 0.240005 0.049926 0.028838
0 0.937375 0.319360 0.043868 0.089893
0 0.515401 0.225459 0.049919 0.066152
0 0.228301 0.102358 0.015426 0.023076
0 0.125327 0.460313 0.047713 0.043672
0 0.800790 0.110454 0.023640 0.041221
0 0.420507 0.981479 0.018956 0.037178
0 0.343266 0.024054 0.027090 0.040090
0 0.539861 0.082134 0.027090 0.041118
0 0.122678 0.351460 0.039474 0.024671
0 0.118421 0.386924 0.035604 0.056538
