0 0.125000 0.878241 0.032292 0.039815
0 0.845052 0.158333 0.022396 0.037037
0 0.922135 0.896759 0.029687 0.049074
0 0.582031 0.391667 0.018229 0.081481
0 0.881510 0.621296 0.024479 0.040741
0 0.841406 0.256481 0.034896 0.050000
0 0.703906 0.352778 0.023438 0.029630
0 0.662500 0.048611 0.032292 0.058333
0 0.585156 0.703241 0.026562 0.026852
0 0.465365 0.520833 0.019271 0.039815
0 0.988802 0.916667 0.021354 0.035185
0 0.285677 0.802778 0.024479 0.038889
0 0.095052 0.872685 0.040104 0.047222
0 0.910156 0.468056 0.021354 0.037963
0 0.686979 0.505556 0.027083 0.037037
0 0.765885 0.850926 0.035937 0.040741
0 0.225781 0.878704 0.024479 0.033333
0 0.063802 0.745833 0.045312 0.037963
0 0.326302 0.669444 0.028646 0.035185
0 0.576302 0.044444 0.015104 0.066667
0 0.347656 0.753241 0.025521 0.037963
0 0.054427 0.237963 0.041146 0.057407
0 0.820052 0.528241 0.023438 0.032407
0 0.103385 0.277315 0.047396 0.041667
0 0.405729 0.397685 0.017708 0.056481
0 0.290104 0.368519 0.033333 0.053704
0 0.885677 0.835648 0.029687 0.041667
0 0.766406 0.368056 0.035937 0.043519
0 0.165104 0.265278 0.066667 0.063889
0 0.661458 0.379630 0.032292 0.038889
0 0.879427 0.550926 0.024479 0.053704
0 0.177865 0.444444 0.053646 0.066667
