0 0.517708 0.198611 0.046875 0.045370
0 0.185677 0.064352 0.031771 0.049074
0 0.483854 0.468981 0.027083 0.060185
0 0.556510 0.195833 0.035937 0.047222
0 0.402083 0.317593 0.021875 0.066667
0 0.152604 0.031481 0.029167 0.061111
0 0.145052 0.544444 0.029687 0.055556
0 0.746875 0.217593 0.017708 0.079630
0 0.691927 0.800926 0.035937 0.061111
0 0.223958 0.791667 0.052083 0.081481
0 0.912500 0.694907 0.029167 0.041667
0 0.500781 0.492593 0.052604 0.051852
0 0.774479 0.513889 0.032292 0.053704
0 0.994010 0.524537 0.011979 0.110185
