0 0.906510 0.242593 0.029687 0.077778
0 0.916927 0.226389 0.019271 0.069444
0 0.382812 0.821759 0.028125 0.049074
0 0.207813 0.127778 0.047917 0.114815
0 0.901302 0.244907 0.034896 0.062037
0 0.605729 0.115278 0.030208 0.082407
0 0.696354 0.871759 0.033333 0.036111
0 0.603385 0.066204 0.048438 0.043519
0 0.633333 0.542130 0.038542 0.087963
0 0.679427 0.834259 0.024479 0.062963
0 0.194010 0.155093 0.043229 0.076852
0 0.966406 0.736111 0.053646 0.044444
0 0.155729 0.254167 0.052083 0.036111
0 0.013802 0.250463 0.027604 0.082407
0 0.672135 0.675463 0.030729 0.030556
0 0.852604 0.419444 0.027083 0.066667
0 0.368229 0.110648 0.040625 0.032407
0 0.280208 0.637037 0.047917 0.055556
0 0.395052 0.057407 0.015104 0.075926
0 0.819531 0.178704 0.026562 0.074074
0 0.493229 0.731019 0.028125 0.047222
0 0.924740 0.750926 0.025521 0.040741
0 0.102604 0.812037 0.034375 0.057407
0 0.743229 0.193981 0.020833 0.073148
0 0.669010 0.967593 0.016146 0.055556
0 0.310156 0.659722 0.036979 0.071296
0 0.316406 0.866204 0.017188 0.089815
0 0.600000 0.519907 0.037500 0.047222
0 0.713281 0.366204 0.031771 0.047222
0 0.653385 0.968056 0.026562 0.063889
0 0.361979 0.135185 0.028125 0.037037
0 0.177083 0.275926 0.042708 0.040741
