0 0.993229 0.512037 0.012500 0.059259
0 0.748437 0.236111 0.019792 0.055556
0 0.641406 0.013889 0.015104 0.027778
0 0.159896 0.033333 0.041667 0.068519
0 0.563802 0.214815 0.022396 0.053704
0 0.143750 0.561574 0.039583 0.045370
0 0.476823 0.465278 0.033854 0.050926
0 0.398958 0.293519 0.022917 0.062963
0 0.528385 0.208333 0.060937 0.037037
0 0.221875 0.814815 0.046875 0.062963
0 0.690625 0.800000 0.040625 0.057407
0 0.501302 0.508333 0.048438 0.048148
0 0.903906 0.689352 0.043229 0.054630
0 0.760677 0.519907 0.032813 0.050926
0 0.193229 0.032870 0.033333 0.045370
