0 0.387868 0.655273 0.025735 0.056641
0 0.564706 0.636230 0.020588 0.028320
0 0.581618 0.344727 0.027941 0.025391
0 0.348162 0.416016 0.025735 0.023438
0 0.508088 0.344727 0.026471 0.050781
0 0.779044 0.495605 0.038971 0.028320
0 0.623529 0.016602 0.032353 0.029297
0 0.638235 0.359863 0.042647 0.036133
0 0.176471 0.424316 0.035294 0.032227
0 0.301838 0.205566 0.038971 0.053711
0 0.004779 0.322266 0.011029 0.054688
0 0.806250 0.075684 0.025735 0.051758
0 0.371691 0.363770 0.033088 0.030273
0 0.782721 0.554688 0.025735 0.029297
