0 0.676146 0.402343 0.038750 0.032463
0 0.841414 0.631227 0.029703 0.038380
0 0.811919 0.580125 0.021755 0.041731
0 0.514656 0.629093 0.033479 0.019296
0 0.667568 0.600454 0.014302 0.047204
0 0.733565 0.732130 0.015047 0.055000
0 0.700544 0.953894 0.028172 0.055935
0 0.471214 0.951329 0.025760 0.065620
0 0.428883 0.737069 0.020266 0.063028
0 0.197073 0.862069 0.024354 0.057472
0 0.138937 0.679824 0.041417 0.052241
0 0.136674 0.646481 0.021266 0.087407
0 0.207776 0.404847 0.029094 0.068954
0 0.474013 0.263907 0.014693 0.075963
0 0.426737 0.371736 0.012849 0.071250
0 0.512727 0.457389 0.012953 0.061074
0 0.688190 0.387815 0.020130 0.066370
0 0.633753 0.071269 0.039380 0.035130
0 0.730802 0.030620 0.013687 0.061241
0 0.700531 0.190185 0.010437 0.041481
0 0.128205 0.321937 0.050481 0.078348
0 0.141827 0.162393 0.032853 0.029915
0 0.219952 0.149573 0.051282 0.021368
0 0.258413 0.126781 0.027244 0.064103
0 0.370593 0.187322 0.032051 0.037037
0 0.020433 0.258547 0.033654 0.068376
0 0.030449 0.305556 0.039263 0.022792
0 0.071314 0.250712 0.032853 0.035613
0 0.267228 0.851140 0.030449 0.037037
0 0.219952 0.860399 0.014423 0.061254
0 0.420272 0.831197 0.024038 0.082621
0 0.844551 0.866097 0.036058 0.055556
0 0.705529 0.762821 0.022436 0.074074
0 0.977564 0.652422 0.032853 0.035613
0 0.915865 0.269943 0.021635 0.048433
0 0.900240 0.155271 0.030449 0.066952
0 0.769231 0.217236 0.028045 0.059829
0 0.727163 0.177350 0.024038 0.039886
0 0.663462 0.077635 0.028045 0.065527
0 0.485577 0.019231 0.013622 0.037037
0 0.485978 0.060541 0.024038 0.034188
0 0.245994 0.405983 0.037660 0.052707
0 0.237179 0.476496 0.056891 0.031339
0 0.209135 0.496439 0.029647 0.034188
0 0.552083 0.805556 0.018429 0.065527
0 0.492388 0.973647 0.020833 0.039886
0 0.764423 0.849715 0.026442 0.048433
0 0.687500 0.562678 0.028045 0.027066
0 0.594551 0.061254 0.013622 0.058405
0 0.568109 0.047009 0.007212 0.044160
0 0.654247 0.604701 0.014423 0.037037
0 0.474359 0.489316 0.020032 0.042735
0 0.487580 0.448006 0.036859 0.056980
