0 0.321875 0.783333 0.022917 0.059259
0 0.410156 0.069444 0.025521 0.025926
0 0.742708 0.649537 0.039583 0.054630
0 0.136979 0.648611 0.014583 0.058333
0 0.773177 0.638426 0.045312 0.043519
0 0.977083 0.862963 0.018750 0.059259
0 0.123177 0.198148 0.039062 0.031481
0 0.753385 0.344444 0.019271 0.051852
0 0.423958 0.476389 0.027083 0.050926
0 0.810156 0.597222 0.035937 0.064815
0 0.557552 0.482407 0.041146 0.081481
0 0.485156 0.443056 0.018229 0.049074
0 0.187760 0.540741 0.036979 0.038889
0 0.688281 0.896759 0.024479 0.056481
0 0.753906 0.706019 0.021354 0.067593
0 0.443229 0.735185 0.029167 0.094444
