0 0.160732 0.283102 0.075630 0.062500
0 0.181440 0.207292 0.054547 0.053472
0 0.659870 0.389352 0.047865 0.050926
0 0.737984 0.480324 0.016594 0.053241
0 0.763758 0.371991 0.045224 0.071759
0 0.852284 0.154398 0.039984 0.108796
0 0.658609 0.074537 0.048469 0.041667
0 0.671586 0.026620 0.050464 0.043981
0 0.575917 0.064815 0.018500 0.064815
0 0.567180 0.017361 0.047901 0.034722
0 0.401404 0.416667 0.044474 0.092593
0 0.874026 0.558333 0.038677 0.083333
0 0.701922 0.665509 0.020510 0.071759
0 0.517969 0.686343 0.055729 0.057870
0 0.175320 0.448380 0.066266 0.085648
0 0.347167 0.758102 0.040167 0.053241
0 0.283638 0.801389 0.029776 0.050926
0 0.466940 0.879630 0.019297 0.027778
0 0.500380 0.950231 0.028885 0.039352
0 0.563281 0.957407 0.055729 0.085185
0 0.762065 0.848380 0.049130 0.057870
0 0.875000 0.968981 0.075000 0.062037
0 0.871813 0.825694 0.021750 0.025463
0 0.889122 0.859954 0.030328 0.081019
0 0.496232 0.138889 0.020589 0.037037
0 0.526815 0.168981 0.048422 0.060185
0 0.426187 0.126157 0.070083 0.067130
0 0.350680 0.104630 0.054484 0.074074
0 0.336753 0.202546 0.034964 0.053241
0 0.293792 0.247685 0.037583 0.041667
0 0.341758 0.263889 0.036641 0.037037
0 0.294872 0.368519 0.047036 0.074074
0 0.333292 0.481481 0.024917 0.074074
0 0.888857 0.032870 0.074589 0.032407
0 0.718846 0.478009 0.023109 0.113426
