0 0.079861 0.018564 0.040278 0.042079
0 0.200694 0.196782 0.029167 0.042079
0 0.203472 0.616337 0.031944 0.049505
0 0.820139 0.775990 0.037500 0.037129
0 0.494444 0.419554 0.050000 0.066832
0 0.670139 0.627475 0.031944 0.032178
0 0.852083 0.923267 0.026389 0.094059
0 0.783333 0.970297 0.030556 0.049505
0 0.152083 0.396040 0.068056 0.049505
0 0.837500 0.064356 0.036111 0.054455
0 0.084722 0.157178 0.038889 0.066832
0 0.552083 0.278465 0.051389 0.091584
0 0.467361 0.340347 0.040278 0.081683
0 0.821528 0.867574 0.034722 0.051980
