0 0.585677 0.895370 0.022396 0.079630
0 0.679427 0.443981 0.014063 0.047222
0 0.363281 0.416204 0.020313 0.034259
0 0.508073 0.874074 0.031771 0.029630
0 0.541406 0.969907 0.017188 0.054630
0 0.266406 0.766667 0.025521 0.051852
0 0.735938 0.566204 0.013542 0.043519
0 0.577604 0.853704 0.025000 0.035185
0 0.335677 0.547685 0.019271 0.069444
0 0.569531 0.667593 0.015104 0.038889
0 0.272656 0.736111 0.018229 0.068519
0 0.944531 0.368519 0.015104 0.044444
0 0.898177 0.093056 0.023438 0.045370
0 0.299479 0.537500 0.027083 0.032407
0 0.578125 0.203241 0.040625 0.028704
0 0.554427 0.679167 0.023438 0.043519
0 0.466927 0.705093 0.024479 0.041667
0 0.518229 0.393056 0.013542 0.043519
0 0.690104 0.981019 0.026042 0.028704
0 0.391927 0.627315 0.026562 0.063889
0 0.902083 0.500463 0.026042 0.045370
0 0.501563 0.321296 0.012500 0.042593
0 0.505729 0.677778 0.019792 0.033333
0 0.141406 0.911111 0.030729 0.044444
0 0.692708 0.108333 0.022917 0.038889
0 0.961198 0.633333 0.028646 0.038889
0 0.696354 0.195370 0.017708 0.051852
0 0.494531 0.611111 0.028646 0.031481
0 0.611458 0.748148 0.020833 0.031481
0 0.166406 0.932407 0.027604 0.074074
0 0.335156 0.250926 0.030729 0.031481
0 0.203385 0.330556 0.032813 0.061111
0 0.376302 0.862500 0.025521 0.041667
0 0.661458 0.358333 0.032292 0.025926
0 0.656250 0.248611 0.026042 0.054630
0 0.553906 0.075926 0.042188 0.051852
0 0.508854 0.189815 0.033333 0.042593
0 0.786979 0.415278 0.032292 0.032407
0 0.948177 0.505556 0.024479 0.051852
0 0.729688 0.859722 0.034375 0.045370
0 0.783854 0.793981 0.029167 0.054630
0 0.405729 0.977778 0.011458 0.027778
0 0.154427 0.628241 0.018229 0.019444
