0 0.490104 0.517130 0.031250 0.089815
0 0.530729 0.215278 0.023958 0.073148
0 0.557552 0.230093 0.039062 0.041667
0 0.116406 0.504167 0.021354 0.058333
0 0.497656 0.502778 0.039062 0.070370
0 0.980208 0.540278 0.039583 0.041667
0 0.669531 0.812500 0.020313 0.071296
0 0.227604 0.817593 0.036458 0.074074
0 0.703906 0.581019 0.029687 0.052778
0 0.202604 0.803241 0.036458 0.095370
0 0.868229 0.728704 0.041667 0.057407
0 0.766927 0.296296 0.021354 0.070370
0 0.154427 0.018056 0.043229 0.037963
