0 0.333088 0.492188 0.030882 0.029297
0 0.741912 0.287598 0.041176 0.045898
0 0.895588 0.841309 0.038235 0.030273
0 0.943015 0.575684 0.040441 0.028320
0 0.152941 0.674316 0.023529 0.036133
0 0.740074 0.387695 0.024265 0.041016
0 0.483824 0.550781 0.023529 0.046875
0 0.147426 0.835938 0.030147 0.037109
0 0.209926 0.693359 0.028676 0.042969
0 0.435662 0.353516 0.022794 0.042969
0 0.689338 0.747559 0.019853 0.040039
0 0.054779 0.594727 0.024265 0.052734
0 0.455515 0.302734 0.015441 0.054688
