0 0.518015 0.630859 0.022794 0.044922
0 0.559926 0.289062 0.024265 0.039062
0 0.488971 0.516602 0.016176 0.035156
0 0.099632 0.893066 0.025735 0.026367
0 0.520588 0.372559 0.023529 0.041992
0 0.943750 0.193848 0.028676 0.030273
0 0.462132 0.052734 0.021324 0.056641
0 0.406985 0.221680 0.024265 0.039062
0 0.096324 0.736816 0.029412 0.030273
0 0.610294 0.210938 0.052941 0.054688
0 0.488603 0.664062 0.022794 0.044922
0 0.377206 0.174316 0.027941 0.041992
0 0.340074 0.314941 0.028676 0.036133
0 0.151471 0.554688 0.035294 0.029297
