0 0.506510 0.044907 0.026562 0.026852
0 0.668229 0.435648 0.032292 0.030556
0 0.490104 0.911111 0.027083 0.029630
0 0.523438 0.904630 0.031250 0.051852
0 0.397135 0.256944 0.017188 0.049074
0 0.835938 0.576852 0.026042 0.027778
0 0.537500 0.200463 0.023958 0.034259
0 0.459635 0.414352 0.024479 0.037963
0 0.100781 0.766667 0.021354 0.059259
0 0.977083 0.066667 0.023958 0.057407
0 0.706250 0.351852 0.017708 0.038889
0 0.211198 0.267593 0.022396 0.051852
0 0.659375 0.136574 0.018750 0.054630
0 0.419010 0.240741 0.043229 0.025926
