0 0.162760 0.543056 0.022396 0.037963
0 0.783073 0.573148 0.044271 0.044444
0 0.470052 0.777315 0.016146 0.078704
0 0.795833 0.599074 0.030208 0.057407
0 0.985677 0.843519 0.027604 0.029630
0 0.337500 0.768981 0.016667 0.071296
0 0.762500 0.596296 0.030208 0.070370
0 0.374479 0.582870 0.029167 0.043519
0 0.037760 0.707407 0.043229 0.037037
0 0.602083 0.906019 0.020833 0.080556
0 0.438802 0.275000 0.022396 0.046296
0 0.711979 0.505556 0.039583 0.064815
0 0.424479 0.447222 0.017708 0.055556
0 0.354427 0.075000 0.035937 0.050000
0 0.558854 0.518056 0.035417 0.049074
0 0.707552 0.843519 0.024479 0.074074
0 0.447656 0.881481 0.032813 0.031481
0 0.296354 0.193056 0.027083 0.069444
0 0.278125 0.191204 0.022917 0.030556
0 0.271354 0.216204 0.037500 0.058333
0 0.508854 0.392130 0.031250 0.036111
0 0.084635 0.974537 0.029687 0.050926
