0 0.670833 0.627475 0.033333 0.032178
0 0.128472 0.399752 0.048611 0.037129
0 0.477083 0.426980 0.051389 0.042079
0 0.828472 0.788366 0.034722 0.032178
0 0.206250 0.602723 0.031944 0.061881
0 0.845139 0.943069 0.023611 0.094059
0 0.084722 0.146040 0.030556 0.064356
0 0.781250 0.970297 0.031944 0.049505
0 0.822222 0.871287 0.033333 0.054455
0 0.834722 0.059406 0.033333 0.064356
0 0.467361 0.345297 0.020833 0.096535
0 0.525000 0.342822 0.058333 0.081683
0 0.199306 0.167079 0.026389 0.061881
