0 0.990972 0.482673 0.018056 0.064356
0 0.645833 0.425743 0.022222 0.054455
0 0.967361 0.853960 0.031944 0.044554
0 0.388889 0.245050 0.027778 0.049505
0 0.822222 0.346535 0.047222 0.034653
0 0.225000 0.930693 0.047222 0.034653
0 0.481944 0.049505 0.025000 0.054455
0 0.662500 0.508663 0.030556 0.056931
0 0.181250 0.659653 0.031944 0.027228
0 0.726389 0.504950 0.022222 0.049505
0 0.464583 0.509901 0.023611 0.059406
0 0.865278 0.452970 0.025000 0.049505
0 0.122222 0.564356 0.030556 0.039604
0 0.133333 0.230198 0.044444 0.034653
0 0.887500 0.897277 0.030556 0.032178
0 0.795139 0.647277 0.034722 0.061881
0 0.772222 0.477723 0.027778 0.054455
0 0.645139 0.813119 0.040278 0.071782
0 0.437500 0.233911 0.027778 0.061881
0 0.363889 0.289604 0.030556 0.049505
0 0.914583 0.169554 0.045833 0.076733
0 0.117361 0.422030 0.034722 0.051980
0 0.423611 0.477723 0.047222 0.034653
0 0.536111 0.753713 0.025000 0.051980
0 0.732639 0.634901 0.018056 0.086634
0 0.053472 0.768564 0.029167 0.071782
0 0.818750 0.767327 0.020833 0.084158
0 0.540278 0.646040 0.025000 0.029703
