0 0.159660 0.737030 0.047097 0.023564
0 0.758299 0.719245 0.024931 0.062252
0 0.616153 0.779567 0.018417 0.044282
0 0.318597 0.813787 0.026083 0.038465
0 0.411389 0.484480 0.020000 0.033317
0 0.866618 0.740186 0.022125 0.054629
0 0.223160 0.435408 0.035208 0.034183
0 0.417951 0.163267 0.022014 0.034455
0 0.937944 0.827512 0.023111 0.031262
0 0.120778 0.686597 0.033222 0.016757
0 0.041875 0.832463 0.028194 0.026312
0 0.589389 0.526572 0.017667 0.038292
0 0.640264 0.567302 0.002750 0.000941
0 0.653785 0.603812 0.029792 0.014554
0 0.510494 0.282453 0.027160 0.037404
0 0.725158 0.067470 0.032216 0.049760
