0 0.500930 0.357921 0.025818 0.071398
0 0.533091 0.445551 0.019307 0.076287
0 0.592719 0.323495 0.045854 0.050694
0 0.545349 0.255056 0.022990 0.032333
0 0.375734 0.291361 0.044177 0.038278
0 0.385154 0.117639 0.021349 0.076019
0 0.296346 0.150125 0.018734 0.066917
0 0.900375 0.751407 0.026792 0.063926
0 0.821594 0.821667 0.028604 0.080370
0 0.665529 0.843496 0.030577 0.095823
0 0.653190 0.602755 0.026172 0.048102
0 0.519443 0.943028 0.020135 0.110130
0 0.438245 0.804685 0.045240 0.029741
0 0.521883 0.817083 0.046891 0.039722
0 0.584870 0.127667 0.047865 0.057185
0 0.135208 0.705282 0.021458 0.075380
0 0.398497 0.441380 0.034495 0.034611
0 0.971711 0.200056 0.026755 0.072333
0 0.157135 0.880444 0.022604 0.094222
0 0.671474 0.762108 0.018429 0.081197
0 0.040465 0.623932 0.030449 0.049858
0 0.163061 0.365385 0.019231 0.045584
0 0.311298 0.029202 0.017628 0.054131
0 0.879006 0.380342 0.028045 0.052707
0 0.983974 0.469373 0.029647 0.039886
