0 0.679568 0.032546 0.028927 0.029907
0 0.544982 0.104153 0.013922 0.073120
0 0.677076 0.378171 0.029151 0.071157
0 0.735729 0.709481 0.021458 0.044889
0 0.744820 0.649435 0.018807 0.047019
0 0.422521 0.747940 0.009625 0.069954
0 0.452237 0.840093 0.047182 0.033889
0 0.264602 0.378037 0.030245 0.044963
0 0.236188 0.342630 0.049458 0.048222
0 0.208354 0.456060 0.038583 0.030639
0 0.137300 0.621866 0.016266 0.125214
0 0.476148 0.297273 0.039797 0.051954
0 0.988021 0.199074 0.023958 0.085185
0 0.272035 0.081197 0.046474 0.066952
0 0.705929 0.132479 0.020032 0.064103
0 0.769631 0.165954 0.032051 0.051282
0 0.737179 0.113248 0.028045 0.099715
0 0.913061 0.111823 0.020833 0.088319
0 0.470353 0.488604 0.021635 0.044160
0 0.846154 0.647436 0.039263 0.051282
0 0.864984 0.824074 0.014423 0.068376
0 0.529247 0.785613 0.027244 0.051282
0 0.550481 0.799145 0.012019 0.069801
0 0.601362 0.804843 0.016026 0.066952
0 0.672676 0.905271 0.040064 0.037037
0 0.654647 0.962963 0.015224 0.049858
0 0.639886 0.975677 0.019354 0.046795
0 0.750801 0.943732 0.055288 0.085470
0 0.235577 0.791311 0.048878 0.062678
0 0.155849 0.300570 0.035256 0.058405
0 0.062099 0.217949 0.054487 0.075499
0 0.044872 0.254986 0.047276 0.047009
0 0.634615 0.025641 0.010417 0.049858
0 0.878205 0.200142 0.023237 0.037037
0 0.287260 0.597578 0.019231 0.037037
0 0.152644 0.675926 0.022436 0.045584
