0 0.320573 0.197685 0.013021 0.047222
0 0.702083 0.776852 0.023958 0.029630
0 0.452083 0.580093 0.017708 0.043519
0 0.669531 0.037500 0.017188 0.045370
0 0.078906 0.606481 0.032813 0.070370
0 0.471875 0.037500 0.015625 0.063889
0 0.046354 0.887500 0.052083 0.032407
0 0.592187 0.400926 0.012500 0.050000
0 0.579688 0.943056 0.044792 0.050926
0 0.370052 0.847685 0.017188 0.039815
0 0.250781 0.940278 0.024479 0.071296
0 0.888281 0.315278 0.017188 0.060185
0 0.941406 0.917130 0.018229 0.062037
0 0.527604 0.359722 0.011458 0.050926
0 0.687760 0.750926 0.033854 0.027778
0 0.735677 0.649074 0.026562 0.027778
0 0.621354 0.224074 0.027083 0.042593
0 0.035156 0.615278 0.040104 0.036111
0 0.904948 0.292593 0.022396 0.061111
0 0.456510 0.439352 0.031771 0.037963
0 0.871354 0.880556 0.016667 0.048148
0 0.473958 0.916204 0.027083 0.036111
0 0.276302 0.713889 0.018229 0.057407
0 0.698438 0.906019 0.029167 0.037963
0 0.741406 0.936574 0.023438 0.069444
0 0.525260 0.530556 0.024479 0.046296
0 0.450000 0.228241 0.026042 0.037963
0 0.344531 0.507870 0.030729 0.082407
0 0.223177 0.624537 0.049479 0.065741
0 0.163802 0.169907 0.026562 0.078704
0 0.885156 0.467593 0.026562 0.048148
0 0.376302 0.930556 0.026562 0.064815
0 0.413281 0.511574 0.029687 0.043519
0 0.130729 0.776852 0.035417 0.081481
0 0.545573 0.043519 0.043229 0.061111
0 0.259375 0.311111 0.019792 0.061111
0 0.557552 0.713889 0.039062 0.035185
0 0.505208 0.834722 0.030208 0.043519
0 0.128125 0.509722 0.037500 0.025000
0 0.743229 0.312963 0.022917 0.051852
0 0.751302 0.293056 0.026562 0.062037
0 0.300781 0.386574 0.017188 0.080556
0 0.322656 0.294444 0.029687 0.027778
0 0.317188 0.388889 0.031250 0.027778
0 0.305729 0.787037 0.020833 0.033333
0 0.320573 0.756019 0.027604 0.056481
0 0.979427 0.906019 0.016146 0.056481
0 0.225781 0.918519 0.019271 0.061111
0 0.210156 0.981019 0.021354 0.036111
0 0.977083 0.670370 0.017708 0.061111
0 0.986198 0.046759 0.019271 0.041667
0 0.536979 0.059722 0.030208 0.045370
