0 0.557552 0.679167 0.047396 0.032407
0 0.206771 0.492593 0.037500 0.035185
0 0.570833 0.655556 0.020833 0.051852
0 0.503385 0.422685 0.015104 0.034259
0 0.698438 0.964815 0.025000 0.035185
0 0.744531 0.975000 0.020313 0.044444
0 0.288281 0.205093 0.026562 0.058333
0 0.364583 0.834259 0.027083 0.051852
0 0.746354 0.463889 0.033333 0.029630
0 0.896875 0.107870 0.038542 0.052778
0 0.577604 0.816204 0.011458 0.052778
0 0.975781 0.643519 0.045312 0.046296
0 0.904427 0.525926 0.032813 0.033333
0 0.376302 0.607407 0.035937 0.027778
0 0.183073 0.143056 0.014063 0.060185
0 0.397135 0.568519 0.032813 0.029630
