0 0.765885 0.170833 0.026562 0.050926
0 0.154427 0.549537 0.029687 0.045370
0 0.351562 0.046759 0.019792 0.069444
0 0.876302 0.126389 0.036979 0.045370
0 0.395313 0.523148 0.026042 0.070370
0 0.324479 0.090741 0.035417 0.057407
0 0.451302 0.861111 0.055729 0.055556
0 0.915104 0.707407 0.035417 0.044444
0 0.640625 0.070833 0.031250 0.060185
0 0.922656 0.518056 0.042188 0.041667
0 0.454427 0.517130 0.029687 0.056481
0 0.118229 0.553241 0.047917 0.050926
0 0.135937 0.515741 0.047917 0.046296
