0 0.351823 0.381481 0.029687 0.029630
0 0.353385 0.811574 0.024479 0.032407
0 0.459635 0.668981 0.022396 0.037963
0 0.928906 0.345833 0.024479 0.043519
0 0.286979 0.462963 0.021875 0.051852
0 0.189323 0.271759 0.034896 0.065741
0 0.628906 0.173148 0.017188 0.068519
0 0.560156 0.786574 0.026562 0.030556
0 0.496354 0.340278 0.014583 0.050926
0 0.324479 0.472685 0.019792 0.095370
0 0.589583 0.697685 0.022917 0.037963
0 0.078385 0.731481 0.035937 0.031481
0 0.399479 0.907870 0.017708 0.056481
0 0.158854 0.881019 0.030208 0.076852
0 0.764583 0.764352 0.012500 0.052778
0 0.545833 0.605093 0.030208 0.045370
0 0.487760 0.137963 0.023438 0.046296
0 0.559635 0.822685 0.028646 0.039815
0 0.244010 0.679630 0.045312 0.038889
0 0.420833 0.595370 0.027083 0.029630
0 0.386979 0.590278 0.017708 0.058333
0 0.708854 0.804630 0.030208 0.053704
0 0.518229 0.920833 0.030208 0.063889
0 0.682552 0.164352 0.024479 0.073148
0 0.938802 0.574074 0.036979 0.053704
0 0.766406 0.385648 0.032813 0.056481
0 0.474479 0.554630 0.033333 0.033333
0 0.567708 0.131019 0.027083 0.062037
0 0.685677 0.058333 0.042188 0.042593
0 0.136979 0.875000 0.040625 0.033333
0 0.374740 0.607870 0.022396 0.045370
0 0.240885 0.705093 0.053646 0.034259
0 0.020833 0.203241 0.041667 0.050926
0 0.992188 0.734259 0.015625 0.037037
