0 0.918094 0.479706 0.024258 0.069762
0 0.978025 0.646499 0.021404 0.060883
0 0.564865 0.653176 0.037021 0.060056
0 0.726206 0.950278 0.028610 0.062148
0 0.333284 0.491403 0.036359 0.038361
0 0.453659 0.426190 0.012526 0.082009
0 0.289466 0.248940 0.018516 0.042324
0 0.298615 0.283731 0.043063 0.067463
0 0.422115 0.294046 0.019229 0.025130
0 0.388263 0.287435 0.024443 0.021167
0 0.904943 0.141801 0.026552 0.059528
0 0.491795 0.777778 0.016410 0.044394
0 0.718322 0.315449 0.045662 0.020294
