0 0.582409 0.695028 0.022110 0.067834
0 0.633487 0.311736 0.009682 0.045694
0 0.640271 0.335968 0.018042 0.025639
0 0.901132 0.547756 0.035997 0.061266
0 0.805712 0.455159 0.032086 0.056183
0 0.834138 0.503116 0.042234 0.045120
0 0.956234 0.381819 0.022885 0.045120
0 0.679336 0.895278 0.009714 0.055370
0 0.693594 0.906106 0.017396 0.039991
0 0.390516 0.530481 0.013323 0.046148
0 0.372146 0.486662 0.027625 0.039991
0 0.416352 0.797787 0.026453 0.030759
0 0.415523 0.886148 0.036255 0.038963
0 0.394456 0.904042 0.013911 0.045120
0 0.604870 0.842148 0.029531 0.073185
0 0.667354 0.347380 0.025333 0.081796
0 0.899900 0.120117 0.043522 0.038052
0 0.778967 0.865297 0.034247 0.054541
0 0.846390 0.611618 0.020691 0.062151
0 0.482163 0.819635 0.018550 0.059614
