0 0.918490 0.861574 0.019271 0.043519
0 0.286979 0.162500 0.020833 0.043519
0 0.201823 0.619907 0.025521 0.086111
0 0.271875 0.024074 0.018750 0.044444
0 0.301302 0.743056 0.023438 0.050926
0 0.463281 0.872222 0.024479 0.037037
0 0.652604 0.971759 0.026042 0.039815
0 0.970052 0.866204 0.024479 0.049074
0 0.596875 0.198611 0.033333 0.030556
0 0.042708 0.868056 0.044792 0.037963
0 0.724479 0.885648 0.029167 0.078704
0 0.328125 0.655093 0.029167 0.034259
0 0.552604 0.053704 0.048958 0.055556
0 0.857031 0.840741 0.014063 0.053704
0 0.874479 0.242130 0.026042 0.089815
0 0.308854 0.264815 0.034375 0.029630
0 0.435156 0.194444 0.025521 0.050000
0 0.628906 0.962037 0.020313 0.057407
0 0.123958 0.728704 0.029167 0.075926
0 0.017188 0.580093 0.034375 0.036111
0 0.516927 0.524537 0.016146 0.041667
0 0.060677 0.555556 0.027604 0.050000
0 0.694010 0.724537 0.031771 0.030556
0 0.442708 0.380556 0.033333 0.038889
0 0.413281 0.447685 0.024479 0.045370
0 0.333333 0.465741 0.020833 0.087037
0 0.723177 0.615278 0.025521 0.034259
0 0.290104 0.347222 0.020833 0.070370
0 0.458854 0.707407 0.030208 0.040741
0 0.153385 0.127778 0.027604 0.075926
0 0.354427 0.895833 0.028646 0.073148
0 0.246875 0.273148 0.041667 0.038889
0 0.568229 0.663426 0.023958 0.058333
0 0.730729 0.257407 0.033333 0.059259
0 0.272396 0.714815 0.025000 0.040741
0 0.965625 0.636574 0.027083 0.054630
0 0.963802 0.018056 0.019271 0.036111
0 0.560937 0.909259 0.028125 0.035185
0 0.583854 0.892593 0.034375 0.033333
0 0.661979 0.026852 0.015625 0.053704
0 0.885156 0.242593 0.048438 0.040741
