0 0.927604 0.345833 0.026042 0.039815
0 0.332552 0.456019 0.019271 0.032407
0 0.780208 0.918981 0.027083 0.034259
0 0.571354 0.612963 0.017708 0.042593
0 0.475000 0.913889 0.015625 0.051852
0 0.635677 0.436111 0.020313 0.033333
0 0.427083 0.545370 0.012500 0.046296
0 0.535156 0.544444 0.035937 0.035185
0 0.630208 0.976852 0.018750 0.042593
0 0.951302 0.400926 0.047396 0.038889
0 0.878906 0.233333 0.026562 0.053704
0 0.838802 0.561574 0.029687 0.056481
0 0.990104 0.607870 0.018750 0.021296
