0 0.233665 0.036201 0.032037 0.041152
0 0.242592 0.013477 0.019007 0.026953
0 0.079522 0.016367 0.022279 0.032734
0 0.305820 0.487930 0.045463 0.038359
0 0.241257 0.548452 0.019279 0.042217
0 0.394838 0.564912 0.032324 0.020449
0 0.426915 0.621929 0.037654 0.027061
0 0.474830 0.323509 0.020249 0.041550
0 0.564474 0.677588 0.017184 0.034863
0 0.689235 0.756812 0.034353 0.023389
0 0.622088 0.875435 0.044176 0.034072
0 0.201629 0.952476 0.022375 0.027998
0 0.511353 0.803291 0.034471 0.036270
0 0.521015 0.870396 0.022912 0.047432
0 0.892504 0.823940 0.021772 0.040459
0 0.637599 0.295342 0.020787 0.041855
0 0.412835 0.412109 0.034493 0.029297
0 0.521719 0.817541 0.043363 0.025040
0 0.834752 0.892167 0.019350 0.053454
0 0.058824 0.115543 0.034056 0.031867
