0 0.007639 0.108911 0.018056 0.039604
0 0.106250 0.525990 0.054167 0.066832
0 0.059722 0.154703 0.033333 0.051980
0 0.075000 0.016089 0.033333 0.032178
0 0.842361 0.801980 0.040278 0.039604
0 0.015972 0.563119 0.031944 0.051980
0 0.189583 0.141089 0.045833 0.064356
0 0.547222 0.387376 0.041667 0.042079
0 0.783333 0.966584 0.030556 0.051980
0 0.514583 0.357673 0.056944 0.091584
0 0.477778 0.323020 0.038889 0.071782
0 0.668750 0.627475 0.034722 0.032178
0 0.820833 0.868812 0.033333 0.049505
0 0.836111 0.061881 0.036111 0.054455
0 0.851389 0.930693 0.030556 0.084158
