0 0.102393 0.081130 0.046453 0.027074
0 0.333240 0.230722 0.014396 0.113296
0 0.458961 0.331671 0.056464 0.074454
0 0.700669 0.123282 0.021130 0.102120
0 0.746974 0.275870 0.044990 0.068407
0 0.725625 0.383546 0.023125 0.104130
0 0.889758 0.060523 0.059724 0.054380
0 0.812924 0.165194 0.062307 0.115574
0 0.754003 0.107528 0.053839 0.052093
0 0.786878 0.048722 0.051880 0.091889
0 0.452839 0.608384 0.061927 0.105657
0 0.627461 0.663250 0.050755 0.052426
0 0.691812 0.779259 0.038833 0.065926
0 0.860068 0.604435 0.056594 0.036648
0 0.896690 0.679468 0.026714 0.094120
0 0.833680 0.729023 0.036109 0.109898
0 0.804070 0.644958 0.038349 0.039917
0 0.183526 0.259667 0.048302 0.100815
0 0.115677 0.386315 0.066771 0.035593
0 0.219714 0.436329 0.058177 0.043028
0 0.349961 0.409241 0.033255 0.057370
0 0.392604 0.584292 0.039375 0.038954
0 0.507297 0.695898 0.063552 0.028833
0 0.557555 0.748931 0.013026 0.084898
0 0.412602 0.854981 0.035620 0.084037
0 0.321049 0.899440 0.033766 0.098880
0 0.275956 0.892727 0.035245 0.100269
0 0.187560 0.773477 0.028245 0.106213
0 0.256690 0.703319 0.027964 0.101083
0 0.349310 0.744764 0.031953 0.085824
0 0.707961 0.950463 0.048214 0.099074
0 0.012420 0.073362 0.024038 0.051282
0 0.037660 0.123932 0.032853 0.078348
0 0.038462 0.223647 0.036058 0.135328
0 0.006210 0.315994 0.012420 0.103499
0 0.020232 0.350071 0.040465 0.071937
0 0.092147 0.491453 0.092147 0.078348
0 0.127404 0.443732 0.028045 0.054131
0 0.012420 0.500000 0.022436 0.061254
0 0.016827 0.577635 0.031250 0.048433
0 0.055689 0.673789 0.027244 0.078348
0 0.021234 0.712251 0.030449 0.086895
0 0.052885 0.729345 0.032853 0.078348
0 0.082532 0.740028 0.034455 0.062678
0 0.101763 0.764957 0.045673 0.078348
0 0.131410 0.752137 0.044071 0.061254
0 0.165865 0.770655 0.047276 0.027066
0 0.147026 0.969979 0.019212 0.058191
0 0.241718 0.968554 0.029110 0.061040
0 0.383494 0.967130 0.019069 0.063889
0 0.443333 0.964993 0.067661 0.068162
0 0.568910 0.853989 0.026442 0.079772
0 0.657452 0.818376 0.022436 0.082621
0 0.800498 0.977101 0.011985 0.043946
0 0.830128 0.948718 0.024840 0.078348
0 0.877404 0.960114 0.031250 0.066952
0 0.903446 0.939459 0.022436 0.045584
0 0.964744 0.936610 0.024840 0.068376
0 0.982712 0.923543 0.033534 0.033696
0 0.987671 0.978526 0.021015 0.041097
0 0.953926 0.779915 0.065705 0.045584
0 0.976362 0.742165 0.035256 0.084046
0 0.936699 0.678775 0.031250 0.051282
0 0.968349 0.614672 0.030449 0.068376
0 0.984716 0.558539 0.029527 0.030183
0 0.991987 0.615385 0.013622 0.049858
0 0.936298 0.581197 0.022436 0.092593
0 0.939904 0.361823 0.050481 0.061254
0 0.950321 0.297009 0.032853 0.065527
0 0.961138 0.199430 0.062500 0.041311
0 0.901442 0.287037 0.037660 0.068376
0 0.871394 0.319801 0.041667 0.037037
0 0.883013 0.350427 0.048878 0.055556
0 0.835737 0.306268 0.026442 0.081197
0 0.875401 0.179487 0.040064 0.047009
0 0.866587 0.146724 0.040064 0.055556
0 0.844551 0.132479 0.042468 0.061254
0 0.886619 0.100427 0.036859 0.051282
0 0.845753 0.050570 0.033654 0.045584
0 0.734375 0.028490 0.044872 0.052707
0 0.657051 0.060541 0.031250 0.079772
0 0.678686 0.200142 0.036058 0.076923
0 0.703926 0.203704 0.016026 0.041311
0 0.657051 0.229345 0.042468 0.044160
0 0.651042 0.148860 0.040064 0.079772
0 0.606170 0.139601 0.043269 0.041311
0 0.574920 0.079772 0.022436 0.089744
0 0.606971 0.224359 0.022436 0.088319
0 0.552484 0.268519 0.076923 0.054131
0 0.533654 0.309829 0.045673 0.091168
0 0.555689 0.317664 0.036859 0.084046
0 0.630208 0.322650 0.041667 0.054131
0 0.576923 0.398148 0.034455 0.096866
0 0.608173 0.396011 0.031250 0.055556
0 0.662660 0.433761 0.013622 0.079772
0 0.678285 0.455840 0.024038 0.058405
0 0.701522 0.449430 0.020833 0.076923
0 0.717548 0.426638 0.027244 0.079772
0 0.716747 0.517094 0.044872 0.049858
0 0.747196 0.359687 0.024038 0.094017
0 0.773638 0.406695 0.046474 0.042735
0 0.780449 0.495014 0.023237 0.102564
0 0.828926 0.544872 0.051282 0.076923
0 0.765224 0.581197 0.042468 0.072650
0 0.745994 0.620370 0.056891 0.054131
0 0.751202 0.664530 0.036859 0.034188
0 0.741987 0.719373 0.048878 0.035613
0 0.680288 0.628205 0.042468 0.047009
0 0.622997 0.517094 0.019231 0.086895
0 0.633013 0.485755 0.028045 0.041311
0 0.526843 0.634615 0.027244 0.071225
0 0.528846 0.496439 0.040865 0.042735
0 0.532452 0.452991 0.036859 0.055556
0 0.496394 0.426638 0.051282 0.031339
0 0.512821 0.380342 0.036058 0.044160
0 0.458333 0.136040 0.020032 0.094017
0 0.535256 0.179487 0.044071 0.052707
0 0.431090 0.012821 0.026442 0.024217
0 0.278846 0.064103 0.042468 0.086895
0 0.281651 0.234330 0.036859 0.099715
0 0.356971 0.238604 0.051282 0.025641
0 0.387420 0.129630 0.033654 0.052707
0 0.368590 0.455128 0.023237 0.056980
0 0.328125 0.561966 0.030449 0.076923
0 0.310096 0.728632 0.034455 0.071225
0 0.292067 0.727208 0.036859 0.037037
0 0.359776 0.769943 0.026442 0.088319
0 0.255609 0.543447 0.042468 0.031339
0 0.282452 0.465100 0.043269 0.059829
0 0.237179 0.472934 0.058494 0.041311
0 0.211538 0.129630 0.034455 0.098291
0 0.181891 0.190883 0.056891 0.032764
0 0.151042 0.119658 0.035256 0.086895
0 0.141426 0.159544 0.024038 0.106838
0 0.124599 0.175214 0.038462 0.038462
0 0.012019 0.774217 0.023237 0.054131
0 0.010617 0.910867 0.021234 0.053928
0 0.025240 0.032051 0.044872 0.054131
0 0.107372 0.571937 0.032853 0.051282
0 0.165865 0.639601 0.029647 0.089744
0 0.839343 0.823362 0.035256 0.086895
0 0.631410 0.616097 0.034455 0.059829
0 0.797276 0.257123 0.039263 0.079772
0 0.612981 0.730769 0.037660 0.061254
0 0.561298 0.636040 0.028846 0.048433
0 0.699519 0.734330 0.056891 0.054131
0 0.288061 0.611823 0.033654 0.059829
0 0.264423 0.801282 0.026442 0.071225
