0 0.655729 0.115741 0.030208 0.044444
0 0.122656 0.533333 0.041146 0.046296
0 0.007812 0.464815 0.015625 0.077778
0 0.892448 0.131019 0.034896 0.058333
0 0.360677 0.059722 0.048438 0.045370
0 0.774479 0.173148 0.034375 0.072222
0 0.145052 0.549537 0.054688 0.036111
0 0.945312 0.506481 0.029167 0.077778
0 0.471354 0.876852 0.045833 0.038889
0 0.327604 0.122222 0.029167 0.088889
0 0.377604 0.919907 0.032292 0.063889
0 0.929427 0.710185 0.039062 0.055556
0 0.418229 0.513426 0.034375 0.075000
