0 0.364583 0.290741 0.017708 0.050000
0 0.861979 0.645370 0.019792 0.051852
0 0.591406 0.411111 0.023438 0.040741
0 0.543229 0.446759 0.023958 0.032407
0 0.916927 0.705093 0.019271 0.049074
0 0.315104 0.812963 0.023958 0.038889
0 0.621875 0.910648 0.014583 0.054630
0 0.908854 0.787037 0.031250 0.048148
0 0.258854 0.458796 0.027083 0.023148
0 0.258854 0.631019 0.018750 0.047222
0 0.015625 0.384722 0.031250 0.036111
0 0.263281 0.936111 0.029687 0.031481
0 0.088802 0.551852 0.038021 0.046296
0 0.248177 0.617593 0.028646 0.046296
0 0.044531 0.774537 0.018229 0.067593
0 0.579688 0.093519 0.022917 0.038889
0 0.357031 0.716204 0.057813 0.052778
0 0.233333 0.287037 0.017708 0.057407
0 0.458854 0.618056 0.014583 0.047222
0 0.316406 0.361574 0.036979 0.065741
0 0.412500 0.737963 0.032292 0.033333
0 0.414583 0.219907 0.028125 0.062037
0 0.590625 0.922685 0.026042 0.089815
0 0.925781 0.476389 0.015104 0.062037
0 0.663281 0.616204 0.019271 0.063889
0 0.798958 0.722222 0.015625 0.046296
0 0.252083 0.148611 0.027083 0.049074
0 0.513802 0.925463 0.035937 0.032407
0 0.227604 0.034259 0.020833 0.061111
0 0.673958 0.430093 0.020833 0.036111
0 0.377604 0.038889 0.023958 0.044444
0 0.300260 0.632870 0.053646 0.036111
0 0.083073 0.581481 0.040104 0.048148
0 0.605729 0.151389 0.030208 0.032407
0 0.173437 0.541667 0.040625 0.048148
0 0.689583 0.103704 0.042708 0.053704
0 0.163281 0.468056 0.027604 0.043519
0 0.398438 0.583333 0.046875 0.038889
0 0.675781 0.732407 0.019271 0.062963
0 0.600781 0.818519 0.039062 0.029630
0 0.960156 0.019444 0.032813 0.038889
0 0.807552 0.320833 0.028646 0.039815
0 0.825000 0.095370 0.028125 0.057407
0 0.094531 0.330093 0.019271 0.052778
0 0.569531 0.987963 0.018229 0.024074
