0 0.487760 0.509722 0.035937 0.065741
0 0.674479 0.780556 0.032292 0.064815
0 0.161458 0.012500 0.034375 0.025000
0 0.507031 0.503704 0.034896 0.079630
0 0.234635 0.833333 0.039062 0.033333
0 0.984635 0.534259 0.030729 0.035185
0 0.205729 0.806944 0.030208 0.091667
0 0.228906 0.785648 0.030729 0.067593
0 0.638281 0.024074 0.033854 0.044444
0 0.522656 0.217593 0.027604 0.064815
0 0.764583 0.276389 0.021875 0.060185
0 0.881250 0.698611 0.033333 0.069444
0 0.557552 0.212500 0.029687 0.060185
0 0.713281 0.585648 0.040104 0.045370
0 0.159375 0.038889 0.034375 0.044444
