0 0.590074 0.292480 0.019853 0.034180
0 0.819118 0.229980 0.023529 0.026367
0 0.264338 0.044434 0.022794 0.043945
0 0.829779 0.512695 0.024265 0.025391
0 0.423162 0.525391 0.028676 0.037109
0 0.454779 0.844238 0.016912 0.032227
0 0.544853 0.085938 0.036765 0.031250
0 0.709926 0.705566 0.033088 0.026367
0 0.930147 0.577148 0.025000 0.029297
0 0.243015 0.916016 0.022794 0.039062
0 0.286029 0.523438 0.025000 0.035156
0 0.576103 0.712402 0.025735 0.024414
0 0.723162 0.781738 0.028676 0.030273
0 0.170588 0.666016 0.023529 0.044922
0 0.091176 0.573730 0.036765 0.028320
0 0.844485 0.978027 0.040441 0.036133
0 0.725735 0.273438 0.038235 0.037109
