0 0.681122 0.387546 0.025786 0.060278
0 0.746654 0.716366 0.037057 0.053102
0 0.730943 0.958458 0.049385 0.063213
0 0.423823 0.751231 0.033063 0.070981
0 0.153242 0.654671 0.051276 0.050083
0 0.139008 0.608495 0.024891 0.091065
0 0.232232 0.437944 0.060297 0.059222
0 0.424398 0.345255 0.023797 0.062731
0 0.249084 0.078797 0.043842 0.067850
0 0.609477 0.030185 0.017911 0.060370
0 0.637982 0.030185 0.029089 0.060370
0 0.667711 0.058134 0.043755 0.042194
0 0.701151 0.153255 0.015844 0.047250
0 0.268784 0.377514 0.038609 0.056880
0 0.472406 0.259523 0.022937 0.091269
0 0.646641 0.979366 0.042240 0.038361
0 0.668734 0.361773 0.054135 0.038361
0 0.854167 0.842593 0.020032 0.042735
0 0.713942 0.758547 0.023237 0.076923
0 0.510417 0.602564 0.018429 0.021368
0 0.478365 0.487892 0.012019 0.045584
0 0.529247 0.099003 0.019231 0.051282
0 0.479968 0.053419 0.036058 0.042735
0 0.145433 0.118234 0.020833 0.061254
0 0.129407 0.136752 0.032051 0.018519
0 0.213141 0.813390 0.028045 0.055556
0 0.286859 0.815527 0.029647 0.037037
0 0.165865 0.716524 0.031250 0.021368
0 0.607372 0.798433 0.020032 0.037037
0 0.477564 0.862536 0.013622 0.042735
0 0.903446 0.134615 0.020833 0.074074
0 0.955529 0.245014 0.033654 0.044160
0 0.156250 0.368946 0.056891 0.095442
0 0.035657 0.264957 0.048077 0.035613
0 0.556490 0.804131 0.024038 0.074074
0 0.837340 0.616097 0.021635 0.034188
0 0.800881 0.579772 0.027244 0.049858
0 0.760817 0.823362 0.014423 0.055556
0 0.113782 0.059829 0.031250 0.035613
0 0.849359 0.077635 0.036058 0.068376
0 0.393029 0.289886 0.017628 0.056980
