0 0.465104 0.524537 0.042708 0.045370
0 0.395052 0.517593 0.022396 0.044444
0 0.270052 0.965278 0.022396 0.056481
0 0.570052 0.720370 0.022396 0.055556
0 0.870833 0.233333 0.023958 0.064815
0 0.121354 0.554167 0.030208 0.028704
0 0.682813 0.242593 0.031250 0.033333
0 0.585677 0.276852 0.029687 0.029630
0 0.715885 0.056019 0.021354 0.054630
0 0.423438 0.603704 0.047917 0.057407
0 0.416406 0.163889 0.021354 0.057407
0 0.945052 0.118981 0.036979 0.050926
0 0.292448 0.620370 0.024479 0.046296
0 0.434375 0.944907 0.046875 0.043519
0 0.021354 0.420370 0.041667 0.044444
0 0.098177 0.683333 0.039062 0.040741
0 0.637240 0.961111 0.028646 0.070370
0 0.426563 0.828241 0.041667 0.032407
0 0.750260 0.618981 0.050521 0.030556
0 0.882031 0.595833 0.039062 0.071296
0 0.681250 0.080093 0.022917 0.076852
0 0.895052 0.221296 0.039062 0.029630
