0 0.691284 0.199259 0.015901 0.080000
0 0.891263 0.692644 0.022109 0.079731
0 0.444052 0.702435 0.013104 0.041907
0 0.584237 0.800778 0.008057 0.073778
0 0.757070 0.735861 0.042266 0.025426
0 0.108466 0.787588 0.014849 0.065917
0 0.665906 0.558588 0.016187 0.059769
0 0.851651 0.616292 0.015802 0.062213
0 0.418269 0.297009 0.021635 0.048433
0 0.953926 0.275641 0.020833 0.071225
0 0.870192 0.333333 0.021635 0.075499
0 0.847756 0.856838 0.031250 0.031339
0 0.578526 0.829772 0.016827 0.039886
0 0.473958 0.750712 0.027244 0.038462
0 0.470753 0.611111 0.030449 0.064103
0 0.483574 0.513533 0.033654 0.048433
0 0.476362 0.547721 0.020833 0.034188
0 0.389022 0.618234 0.028846 0.066952
0 0.395833 0.650285 0.029647 0.019943
0 0.129407 0.653134 0.038462 0.022792
0 0.445112 0.116097 0.040064 0.031339
0 0.549679 0.948006 0.018429 0.059829
0 0.115385 0.106125 0.020032 0.048433
0 0.025841 0.524314 0.051683 0.052901
0 0.532452 0.598291 0.024038 0.066952
0 0.819311 0.019231 0.022436 0.028490
