0 0.231510 0.566667 0.023438 0.024074
0 0.543229 0.812963 0.023958 0.079630
0 0.318750 0.718519 0.023958 0.025926
0 0.411979 0.300926 0.027083 0.031481
0 0.502604 0.587500 0.016667 0.054630
0 0.782031 0.378241 0.026562 0.030556
0 0.710938 0.065278 0.021875 0.039815
0 0.815104 0.096296 0.021875 0.033333
0 0.541406 0.777778 0.023438 0.135185
0 0.040365 0.605093 0.041146 0.034259
0 0.143229 0.232870 0.050000 0.039815
0 0.419531 0.930093 0.021354 0.065741
0 0.412500 0.120370 0.021875 0.075926
0 0.228906 0.062963 0.045312 0.070370
0 0.463802 0.307407 0.031771 0.038889
0 0.895312 0.616204 0.020833 0.062037
0 0.403906 0.932870 0.017188 0.067593
0 0.415885 0.166204 0.036979 0.039815
0 0.688802 0.829167 0.020313 0.082407
0 0.567448 0.667130 0.052604 0.054630
0 0.438802 0.641667 0.040104 0.059259
0 0.564323 0.155093 0.031771 0.125000
0 0.972396 0.038889 0.050000 0.050000
0 0.210938 0.195370 0.047917 0.051852
0 0.615885 0.747685 0.032813 0.050926
0 0.515104 0.719907 0.020833 0.078704
0 0.169531 0.654167 0.035937 0.037963
0 0.582031 0.077778 0.043229 0.044444
0 0.516927 0.193056 0.034896 0.102778
0 0.749479 0.611574 0.022917 0.058333
0 0.540104 0.391204 0.030208 0.058333
0 0.669010 0.740741 0.041146 0.035185
0 0.513802 0.866204 0.042188 0.032407
0 0.676562 0.469907 0.021875 0.041667
0 0.765104 0.856944 0.037500 0.050926
0 0.486979 0.081944 0.031250 0.054630
0 0.188802 0.610648 0.019271 0.062037
0 0.641146 0.890741 0.037500 0.038889
0 0.924479 0.279630 0.041667 0.061111
0 0.334375 0.070370 0.043750 0.040741
0 0.609896 0.438889 0.046875 0.053704
0 0.832552 0.681481 0.041146 0.059259
