0 0.958456 0.985352 0.030147 0.021484
0 0.760294 0.697266 0.017647 0.056641
0 0.859191 0.884766 0.028676 0.021484
0 0.637868 0.884766 0.025735 0.031250
0 0.520588 0.858398 0.027941 0.064453
0 0.537500 0.712402 0.022059 0.028320
0 0.639338 0.278809 0.021324 0.043945
0 0.523162 0.808105 0.028676 0.028320
0 0.467647 0.308105 0.029412 0.028320
0 0.097794 0.931152 0.035294 0.030273
0 0.014706 0.066895 0.019118 0.034180
0 0.225735 0.542480 0.020588 0.038086
0 0.396691 0.539062 0.028676 0.031250
0 0.248529 0.011230 0.023529 0.024414
0 0.442647 0.641602 0.036765 0.027344
0 0.177941 0.021484 0.035294 0.044922
0 0.201838 0.950195 0.021324 0.044922
0 0.944853 0.829102 0.025000 0.056641
0 0.725735 0.957520 0.045588 0.026367
0 0.343382 0.367188 0.032353 0.033203
0 0.436029 0.410645 0.033824 0.043945
