0 0.766544 0.882812 0.047794 0.048828
0 0.935662 0.443359 0.050735 0.044922
0 0.346691 0.252441 0.040441 0.051758
0 0.991544 0.506348 0.016912 0.065430
0 0.501838 0.436523 0.033088 0.042969
0 0.084559 0.544434 0.035294 0.051758
0 0.988235 0.280273 0.023529 0.058594
0 0.059926 0.434570 0.050735 0.044922
0 0.276103 0.795898 0.062500 0.050781
0 0.160662 0.905273 0.050735 0.064453
0 0.428676 0.243652 0.047059 0.077148
0 0.258824 0.886230 0.054412 0.118164
0 0.971691 0.420898 0.056618 0.066406
0 0.165074 0.348145 0.043382 0.026367
0 0.636397 0.490234 0.037500 0.050781
0 0.383824 0.785156 0.066176 0.082031
0 0.827574 0.339355 0.081618 0.040039
0 0.892279 0.535645 0.030147 0.088867
0 0.959191 0.028320 0.040441 0.044922
0 0.401103 0.710938 0.058088 0.076172
0 0.532721 0.778809 0.097794 0.057617
0 0.897794 0.363770 0.052941 0.083008
0 0.370588 0.926270 0.042647 0.092773
0 0.933456 0.384766 0.055147 0.087891
0 0.793015 0.349609 0.068382 0.056641
0 0.033088 0.424316 0.060294 0.059570
0 0.156618 0.957031 0.052941 0.039062
0 0.642279 0.441406 0.088971 0.056641
0 0.378309 0.250977 0.078676 0.058594
0 0.631250 0.547363 0.040441 0.092773
0 0.474265 0.775391 0.083824 0.054688
0 0.953676 0.297363 0.057353 0.071289
0 0.416544 0.829102 0.058088 0.052734
0 0.780515 0.693359 0.047794 0.056641
0 0.175735 0.040527 0.052941 0.083008
0 0.302206 0.875977 0.101471 0.138672
0 0.317647 0.715820 0.070588 0.136719
0 0.954044 0.464355 0.083088 0.086914
0 0.456618 0.179688 0.073529 0.074219
0 0.381250 0.643066 0.055147 0.073242
0 0.495956 0.842773 0.071324 0.042969
0 0.063235 0.880859 0.039706 0.117188
