0 0.480208 0.853241 0.034375 0.052778
0 0.736198 0.512037 0.022396 0.046296
0 0.578385 0.441204 0.024479 0.043519
0 0.888281 0.593056 0.039062 0.032407
0 0.017708 0.968056 0.035417 0.054630
0 0.833333 0.068056 0.031250 0.075000
0 0.425260 0.148148 0.029687 0.068519
0 0.944010 0.267593 0.044271 0.083333
0 0.566406 0.475000 0.030729 0.109259
0 0.584115 0.208796 0.034896 0.054630
0 0.410677 0.368519 0.020313 0.088889
0 0.881250 0.920370 0.040625 0.057407
0 0.871875 0.975463 0.041667 0.045370
0 0.821354 0.833796 0.038542 0.063889
0 0.317708 0.862037 0.053125 0.079630
