0 0.284926 0.863281 0.013971 0.025391
0 0.154779 0.397949 0.016912 0.028320
0 0.762500 0.022949 0.013235 0.040039
0 0.165074 0.149902 0.019853 0.028320
0 0.653676 0.042480 0.014706 0.034180
0 0.853676 0.617188 0.019118 0.039062
0 0.375000 0.198730 0.016176 0.036133
0 0.011029 0.580566 0.023529 0.030273
0 0.421324 0.200684 0.025000 0.032227
0 0.764338 0.162109 0.028676 0.029297
0 0.366912 0.962402 0.027941 0.026367
0 0.167647 0.677734 0.016176 0.027344
0 0.611029 0.747559 0.035294 0.022461
0 0.273529 0.342773 0.023529 0.019531
0 0.196691 0.537109 0.019853 0.039062
0 0.773897 0.351562 0.028676 0.042969
0 0.876471 0.899902 0.030882 0.028320
0 0.069485 0.615234 0.025735 0.041016
0 0.016912 0.018066 0.035294 0.032227
0 0.225368 0.698730 0.040441 0.028320
0 0.246324 0.710938 0.050000 0.035156
0 0.250735 0.677734 0.032353 0.035156
0 0.832721 0.987305 0.036029 0.025391
