0 0.466406 0.431019 0.016146 0.039815
0 0.514583 0.202315 0.015625 0.050926
0 0.672135 0.931481 0.024479 0.024074
0 0.478906 0.553241 0.027604 0.021296
0 0.188281 0.528241 0.033854 0.025000
0 0.729427 0.435648 0.021354 0.037963
0 0.263802 0.436111 0.026562 0.044444
0 0.402865 0.249074 0.028646 0.031481
0 0.764583 0.391667 0.020833 0.050000
0 0.211458 0.130556 0.039583 0.046296
0 0.626302 0.106481 0.033854 0.035185
0 0.753906 0.638426 0.029687 0.062037
0 0.433854 0.712500 0.029167 0.058333
0 0.180208 0.197222 0.015625 0.044444
