0 0.612333 0.441918 0.021889 0.047203
0 0.753951 0.682649 0.046792 0.043515
0 0.193910 0.733663 0.023931 0.056436
0 0.124347 0.694084 0.034806 0.041634
0 0.089764 0.670557 0.046194 0.049035
0 0.319250 0.841906 0.024611 0.050149
0 0.280410 0.209950 0.019153 0.048614
0 0.727743 0.068874 0.022153 0.033787
0 0.403743 0.471300 0.010264 0.061411
0 0.930042 0.857958 0.035083 0.032748
0 0.597694 0.699369 0.014833 0.052203
0 0.596924 0.740012 0.018847 0.024579
0 0.211931 0.410198 0.026639 0.048119
