0 0.545684 0.345972 0.034015 0.031787
0 0.583654 0.368564 0.042309 0.022285
0 0.637507 0.306138 0.025015 0.043916
0 0.789430 0.095005 0.022978 0.029854
0 0.640434 0.023149 0.019103 0.046299
0 0.346647 0.206758 0.035941 0.040469
0 0.322500 0.378125 0.040588 0.039453
0 0.362033 0.422080 0.031419 0.035566
0 0.013540 0.313438 0.027081 0.052656
0 0.779827 0.224224 0.028772 0.026572
0 0.813029 0.588999 0.036353 0.023701
0 0.417107 0.607334 0.025390 0.044746
0 0.229173 0.602197 0.023881 0.043403
