0 0.153906 0.866667 0.026562 0.083333
0 0.374479 0.570370 0.027083 0.057407
0 0.371354 0.599537 0.026042 0.058333
0 0.400781 0.975463 0.021354 0.039815
0 0.143229 0.568981 0.025000 0.030556
0 0.583854 0.987037 0.034375 0.025926
0 0.332552 0.233333 0.015104 0.050000
0 0.701302 0.679630 0.018229 0.027778
0 0.144010 0.856944 0.035937 0.045370
0 0.631510 0.687963 0.010937 0.050000
0 0.761979 0.749074 0.017708 0.046296
0 0.238802 0.680093 0.045312 0.039815
0 0.597656 0.843056 0.024479 0.026852
0 0.317448 0.466204 0.019271 0.080556
0 0.623958 0.153704 0.026042 0.059259
0 0.648177 0.304167 0.017188 0.062037
0 0.899479 0.979167 0.032292 0.030556
0 0.676302 0.158796 0.028646 0.052778
0 0.490104 0.325926 0.018750 0.048148
0 0.564583 0.103241 0.031250 0.056481
0 0.481250 0.128241 0.031250 0.036111
0 0.511979 0.915741 0.016667 0.064815
0 0.923177 0.332407 0.032813 0.031481
0 0.921615 0.439815 0.022396 0.040741
0 0.391927 0.898611 0.026562 0.034259
0 0.540365 0.587037 0.025521 0.046296
0 0.072656 0.722222 0.033854 0.037037
0 0.555729 0.794444 0.017708 0.081481
0 0.975260 0.397685 0.021354 0.056481
0 0.278906 0.430556 0.020313 0.066667
0 0.690885 0.036574 0.026562 0.034259
0 0.469010 0.537037 0.029687 0.029630
0 0.702083 0.799074 0.027083 0.042593
0 0.582552 0.686574 0.024479 0.032407
0 0.874479 0.405556 0.030208 0.044444
0 0.418750 0.581019 0.025000 0.036111
0 0.189062 0.253241 0.041667 0.062037
0 0.764583 0.378704 0.032292 0.072222
0 0.935937 0.548611 0.038542 0.034259
0 0.229687 0.677778 0.034375 0.042593
