0 0.465104 0.531481 0.034375 0.038889
0 0.655208 0.124074 0.020833 0.066667
0 0.113281 0.526852 0.043229 0.050000
0 0.883854 0.136111 0.040625 0.057407
0 0.008854 0.475463 0.017708 0.075000
0 0.151302 0.547685 0.063021 0.039815
0 0.358333 0.059259 0.027083 0.061111
0 0.941406 0.523148 0.031771 0.044444
0 0.768229 0.180093 0.033333 0.076852
0 0.330208 0.127315 0.026042 0.086111
0 0.922135 0.700463 0.044271 0.050926
0 0.375260 0.929167 0.022396 0.062037
0 0.469010 0.881481 0.043229 0.046296
0 0.417708 0.513426 0.025000 0.089815
