0 0.409578 0.266060 0.043115 0.083972
0 0.324193 0.134931 0.033802 0.062454
0 0.371104 0.713755 0.018250 0.077509
0 0.409695 0.672931 0.019391 0.056972
0 0.366708 0.797060 0.024042 0.095972
0 0.277661 0.977676 0.050115 0.044241
0 0.549307 0.762403 0.020490 0.087769
0 0.468539 0.906389 0.019370 0.079444
0 0.605659 0.228625 0.043609 0.057250
0 0.715182 0.922542 0.067865 0.050639
0 0.895302 0.696273 0.024979 0.079583
0 0.922609 0.476176 0.034802 0.083833
0 0.024820 0.619958 0.044432 0.080657
0 0.149329 0.337646 0.039241 0.036783
0 0.266695 0.260908 0.039954 0.045662
0 0.285602 0.218417 0.027825 0.046930
0 0.034461 0.891299 0.049229 0.058346
0 0.137914 0.153729 0.032106 0.049467
0 0.757206 0.280568 0.010702 0.059614
0 0.908818 0.604008 0.025685 0.082445
0 0.186787 0.971842 0.032820 0.031710
