0 0.547222 0.262376 0.025000 0.034653
0 0.867361 0.545792 0.026389 0.042079
0 0.498611 0.597772 0.022222 0.086634
0 0.142361 0.667079 0.040278 0.037129
0 0.198611 0.446782 0.030556 0.037129
0 0.575000 0.238861 0.025000 0.066832
0 0.343750 0.548267 0.029167 0.037129
0 0.218750 0.483911 0.031944 0.037129
0 0.623611 0.193069 0.030556 0.049505
0 0.777083 0.644802 0.020833 0.086634
0 0.788194 0.034653 0.040278 0.069307
0 0.989583 0.483911 0.020833 0.066832
0 0.152083 0.926980 0.045833 0.037129
0 0.375694 0.262376 0.037500 0.039604
0 0.679861 0.615099 0.020833 0.061881
0 0.650694 0.405941 0.020833 0.049505
0 0.720139 0.299505 0.026389 0.044554
0 0.565278 0.503713 0.019444 0.056931
0 0.617361 0.615099 0.040278 0.056931
