0 0.058456 0.733398 0.036029 0.035156
0 0.656985 0.641602 0.043382 0.070312
0 0.833456 0.221680 0.025735 0.039062
0 0.434191 0.290527 0.028676 0.043945
0 0.927574 0.891113 0.034559 0.030273
0 0.738235 0.976562 0.023529 0.042969
0 0.418382 0.971680 0.025000 0.039062
0 0.292647 0.728516 0.026471 0.029297
0 0.030147 0.039062 0.045588 0.072266
0 0.965074 0.113770 0.022794 0.045898
0 0.730515 0.882812 0.022794 0.031250
0 0.577574 0.801270 0.034559 0.026367
0 0.006985 0.542480 0.015441 0.036133
0 0.076471 0.436523 0.041176 0.035156
0 0.467647 0.079102 0.025000 0.029297
0 0.140441 0.636230 0.027941 0.051758
0 0.842647 0.176270 0.019118 0.036133
0 0.342279 0.007324 0.030147 0.016602
0 0.861029 0.505859 0.026471 0.041016
0 0.441176 0.388184 0.020588 0.045898
0 0.214706 0.321777 0.023529 0.047852
0 0.534926 0.525391 0.019853 0.044922
0 0.633824 0.306152 0.023529 0.045898
0 0.650000 0.077148 0.030882 0.056641
0 0.420956 0.348145 0.036029 0.045898
0 0.135294 0.208984 0.020588 0.060547
0 0.162132 0.670898 0.036029 0.048828
0 0.785662 0.926270 0.022794 0.041992
0 0.626471 0.080566 0.027941 0.047852
0 0.402206 0.293945 0.044118 0.023438
0 0.440441 0.853516 0.020588 0.056641
0 0.542647 0.634277 0.030882 0.036133
