0 0.678256 0.086418 0.028571 0.055648
0 0.501517 0.197262 0.047152 0.070304
0 0.284897 0.462695 0.019794 0.050391
0 0.502231 0.909442 0.072912 0.044315
0 0.385359 0.837858 0.023659 0.064387
0 0.904301 0.790486 0.018895 0.077066
0 0.835074 0.274717 0.045147 0.018184
0 0.231397 0.065186 0.012794 0.042480
0 0.130949 0.452803 0.048662 0.026699
0 0.118136 0.480649 0.065684 0.023799
0 0.173544 0.167466 0.020618 0.055635
0 0.420662 0.937582 0.045737 0.037274
0 0.840511 0.859170 0.036904 0.028887
0 0.867780 0.952802 0.017838 0.062773
0 0.875636 0.469130 0.028817 0.054905
0 0.725562 0.733735 0.040831 0.026064
0 0.851341 0.932010 0.030895 0.045135
0 0.248276 0.761317 0.025952 0.028722
0 0.254764 0.583648 0.020391 0.045956
0 0.945879 0.614012 0.035838 0.039391
0 0.828788 0.222566 0.024098 0.044315
0 0.805926 0.226259 0.025334 0.066472
0 0.947114 0.274266 0.040781 0.070575
0 0.942480 0.174148 0.031513 0.042673
0 0.818283 0.090443 0.016683 0.078782
0 0.244569 0.099880 0.049432 0.058265
0 0.396262 0.111369 0.040163 0.040211
0 0.338489 0.016585 0.032130 0.029543
0 0.465775 0.751059 0.045724 0.045956
0 0.477824 0.778550 0.030277 0.046777
0 0.357952 0.695255 0.041399 0.022978
0 0.031086 0.666943 0.024098 0.050059
0 0.136128 0.332122 0.040163 0.020516
0 0.097201 0.453166 0.030277 0.052521
0 0.897374 0.738749 0.025334 0.039391
0 0.124388 0.355099 0.024098 0.054983
0 0.143543 0.363716 0.021626 0.059086
0 0.056420 0.082236 0.020391 0.045956
0 0.540540 0.054745 0.024716 0.045135
0 0.079334 0.593544 0.020898 0.031867
0 0.470201 0.300576 0.028638 0.029811
