0 0.556618 0.122070 0.045588 0.039062
0 0.666912 0.071777 0.035294 0.079102
0 0.983088 0.425781 0.033824 0.076172
0 0.899632 0.745605 0.046324 0.049805
0 0.387132 0.365234 0.040441 0.074219
0 0.707353 0.060059 0.091176 0.043945
0 0.357721 0.021484 0.022794 0.044922
0 0.944853 0.422363 0.061765 0.041992
0 0.477941 0.174805 0.020588 0.070312
0 0.772794 0.110352 0.055882 0.070312
0 0.174265 0.479980 0.045588 0.055664
0 0.027206 0.157227 0.035294 0.076172
0 0.678676 0.965820 0.052941 0.058594
0 0.545588 0.719727 0.092647 0.066406
0 0.396691 0.600098 0.058088 0.051758
0 0.522794 0.915527 0.061765 0.096680
