0 0.115885 0.235185 0.026562 0.038889
0 0.075521 0.545833 0.028125 0.034259
0 0.914062 0.475463 0.025000 0.039815
0 0.121354 0.195370 0.038542 0.033333
0 0.799479 0.627315 0.036458 0.041667
0 0.753906 0.332870 0.018229 0.067593
0 0.816927 0.582407 0.046354 0.048148
0 0.538281 0.795370 0.020313 0.035185
0 0.325781 0.141667 0.027604 0.033333
0 0.418229 0.479630 0.022917 0.042593
0 0.225260 0.157870 0.029687 0.058333
0 0.125260 0.666667 0.027604 0.044444
0 0.970313 0.869907 0.016667 0.058333
0 0.427604 0.697222 0.025000 0.062963
0 0.767188 0.047222 0.038542 0.040741
0 0.558854 0.466667 0.017708 0.055556
0 0.755729 0.666204 0.039583 0.071296
0 0.454427 0.608333 0.033854 0.033333
0 0.321354 0.783796 0.020833 0.056481
0 0.412500 0.070833 0.029167 0.028704
0 0.685937 0.903241 0.025000 0.058333
0 0.185938 0.549537 0.035417 0.034259
0 0.623958 0.930093 0.020833 0.054630
