0 0.599053 0.387447 0.062690 0.056375
0 0.606009 0.308683 0.037018 0.045144
0 0.611955 0.809202 0.027034 0.083219
0 0.248375 0.770281 0.047791 0.070193
0 0.765705 0.505711 0.052243 0.029940
0 0.934576 0.179219 0.041028 0.049180
0 0.124891 0.262116 0.019574 0.061269
0 0.292880 0.172395 0.024302 0.065161
0 0.293516 0.224420 0.035990 0.065506
0 0.091962 0.268149 0.045383 0.069631
0 0.923660 0.464600 0.026487 0.049571
0 0.920617 0.426294 0.021443 0.030366
0 0.369005 0.258311 0.021343 0.061066
0 0.362179 0.321937 0.023237 0.066952
0 0.125801 0.330484 0.031250 0.058405
0 0.133013 0.383903 0.066506 0.039886
0 0.650641 0.867521 0.018429 0.049858
0 0.875401 0.699430 0.035256 0.055556
0 0.852564 0.728632 0.031250 0.076923
0 0.869792 0.875356 0.038462 0.065527
0 0.784856 0.491453 0.020833 0.049858
0 0.748798 0.312678 0.017628 0.065527
0 0.725561 0.066952 0.036859 0.052707
0 0.715946 0.326923 0.017628 0.051282
0 0.564904 0.035613 0.039263 0.069801
0 0.594151 0.100427 0.025641 0.042735
0 0.784856 0.099003 0.028846 0.056980
0 0.583333 0.512108 0.034455 0.051282
0 0.536458 0.595442 0.035256 0.018519
0 0.419872 0.900997 0.031250 0.045584
