0 0.194853 0.009277 0.036765 0.020508
0 0.952206 0.664062 0.020588 0.039062
0 0.143750 0.981934 0.021324 0.030273
0 0.475000 0.316895 0.027941 0.038086
0 0.619485 0.874023 0.019853 0.033203
0 0.240074 0.832031 0.025735 0.025391
0 0.516544 0.886230 0.040441 0.026367
0 0.520588 0.821777 0.023529 0.047852
0 0.854044 0.912598 0.025735 0.028320
0 0.036397 0.089355 0.031618 0.036133
0 0.942647 0.833984 0.035294 0.039062
0 0.454412 0.634277 0.027941 0.034180
0 0.415441 0.422363 0.041176 0.028320
0 0.237132 0.552734 0.033088 0.035156
