0 0.389943 0.260417 0.039260 0.057870
0 0.429211 0.714713 0.059464 0.072019
0 0.572703 0.777551 0.041240 0.055102
0 0.539997 0.949620 0.036245 0.101093
0 0.722161 0.898046 0.059948 0.034981
0 0.876143 0.924454 0.037703 0.078537
0 0.914052 0.672616 0.021854 0.085972
0 0.922461 0.562625 0.037630 0.058583
0 0.721776 0.378935 0.018552 0.039352
0 0.579578 0.298329 0.035198 0.037398
0 0.110333 0.355787 0.050875 0.039352
0 0.153424 0.344403 0.027682 0.070287
0 0.267281 0.242755 0.042896 0.037361
0 0.301010 0.403370 0.025979 0.069704
0 0.368646 0.586454 0.041458 0.046981
0 0.324724 0.688389 0.022365 0.086037
0 0.365346 0.945731 0.040068 0.085907
0 0.898643 0.580417 0.042078 0.049722
0 0.265854 0.915833 0.027542 0.040926
0 0.419735 0.113141 0.034960 0.046930
