0 0.592187 0.437037 0.013542 0.040741
0 0.599479 0.737963 0.030208 0.031481
0 0.395833 0.755093 0.015625 0.039815
0 0.451302 0.543519 0.014063 0.050000
0 0.952604 0.344907 0.038542 0.056481
0 0.686979 0.342130 0.018750 0.045370
0 0.751302 0.857870 0.017188 0.056481
0 0.831510 0.535185 0.033854 0.031481
0 0.519531 0.919444 0.031771 0.055556
0 0.635938 0.969444 0.026042 0.057407
0 0.557031 0.519444 0.039062 0.037037
0 0.887760 0.239815 0.041146 0.029630
0 0.783073 0.901389 0.034896 0.069444
0 0.772656 0.969907 0.026562 0.050926
0 0.794010 0.603704 0.024479 0.048148
0 0.786979 0.290278 0.018750 0.045370
