0 0.972656 0.244907 0.029687 0.028704
0 0.771875 0.395370 0.026042 0.042593
0 0.782813 0.014815 0.031250 0.025926
0 0.878906 0.900926 0.018229 0.051852
0 0.641406 0.705093 0.021354 0.030556
0 0.823177 0.021759 0.014063 0.045370
0 0.566406 0.084722 0.017188 0.045370
0 0.838281 0.767130 0.033854 0.039815
0 0.130729 0.406944 0.045833 0.052778
0 0.592187 0.411111 0.018750 0.044444
0 0.753906 0.429167 0.039062 0.039815
0 0.515104 0.280093 0.023958 0.060185
0 0.655208 0.921759 0.023958 0.041667
0 0.715104 0.341667 0.029167 0.035185
0 0.588802 0.301389 0.017188 0.056481
0 0.117448 0.319444 0.028646 0.137037
0 0.015885 0.529630 0.031771 0.038889
0 0.913281 0.487037 0.032813 0.075926
0 0.361979 0.377778 0.018750 0.050000
0 0.546354 0.034259 0.023958 0.062963
0 0.571354 0.537500 0.032292 0.063889
0 0.284635 0.178241 0.026562 0.106481
0 0.570052 0.168056 0.018229 0.063889
0 0.132552 0.024074 0.034896 0.031481
0 0.863281 0.718056 0.034896 0.065741
0 0.492448 0.726852 0.032813 0.055556
0 0.762760 0.493519 0.050521 0.042593
0 0.563281 0.402778 0.021354 0.042593
0 0.932031 0.258796 0.027604 0.049074
0 0.604427 0.823611 0.018229 0.080556
0 0.918229 0.183796 0.044792 0.037963
0 0.182031 0.732407 0.028646 0.038889
0 0.247135 0.805556 0.015104 0.051852
0 0.530729 0.043519 0.038542 0.048148
