0 0.288281 0.595833 0.026562 0.037963
0 0.153125 0.632407 0.041667 0.035185
0 0.477083 0.295833 0.044792 0.043519
0 0.607031 0.805093 0.020313 0.041667
0 0.143229 0.559722 0.032292 0.045370
0 0.238802 0.418981 0.052604 0.045370
0 0.875781 0.198148 0.026562 0.031481
0 0.541406 0.089352 0.017188 0.049074
0 0.221354 0.447222 0.048958 0.044444
0 0.455729 0.837500 0.048958 0.054630
0 0.236979 0.776389 0.032292 0.041667
0 0.741406 0.952315 0.039062 0.075000
0 0.264583 0.377315 0.037500 0.078704
0 0.651302 0.948148 0.025521 0.072222
0 0.046354 0.250926 0.042708 0.044444
0 0.851823 0.634259 0.028646 0.044444
0 0.157552 0.300000 0.029687 0.057407
0 0.419531 0.756944 0.021354 0.069444
0 0.987240 0.181481 0.025521 0.074074
0 0.232552 0.332407 0.043229 0.048148
0 0.143229 0.592593 0.036458 0.079630
0 0.675781 0.373148 0.042188 0.068519
0 0.680729 0.031944 0.028125 0.041667
0 0.865104 0.829630 0.016667 0.061111
0 0.727865 0.708796 0.022396 0.071296
0 0.751302 0.642130 0.030729 0.050926
0 0.433854 0.318056 0.042708 0.043519
