0 0.807353 0.228516 0.051471 0.062500
0 0.399632 0.858398 0.044853 0.062500
0 0.847426 0.884277 0.056618 0.049805
0 0.990074 0.309570 0.018382 0.044922
0 0.070588 0.611816 0.030882 0.030273
0 0.116544 0.448730 0.063971 0.045898
0 0.945956 0.273438 0.021324 0.048828
0 0.504044 0.906738 0.058088 0.055664
0 0.040441 0.667480 0.035294 0.028320
0 0.901103 0.802734 0.043382 0.041016
0 0.987500 0.129395 0.023529 0.069336
0 0.127941 0.349609 0.030882 0.033203
0 0.484191 0.804199 0.043382 0.038086
0 0.807353 0.242188 0.051471 0.089844
0 0.244853 0.766602 0.023529 0.029297
0 0.536765 0.062988 0.023529 0.045898
0 0.289338 0.488770 0.025735 0.049805
0 0.240441 0.089355 0.038235 0.061523
0 0.420221 0.960938 0.025735 0.048828
0 0.385294 0.571777 0.030882 0.032227
0 0.052574 0.094727 0.027206 0.035156
0 0.854779 0.475098 0.031618 0.049805
0 0.604779 0.811523 0.031618 0.033203
0 0.254412 0.597656 0.020588 0.054688
0 0.404044 0.113770 0.046324 0.028320
0 0.516544 0.204102 0.056618 0.048828
0 0.675368 0.117188 0.022794 0.054688
0 0.172059 0.151855 0.030882 0.069336
0 0.358824 0.703613 0.023529 0.045898
0 0.339706 0.021484 0.035294 0.041016
0 0.941544 0.649902 0.037500 0.059570
0 0.474265 0.308105 0.023529 0.047852
0 0.809559 0.098145 0.035294 0.026367
0 0.855515 0.971191 0.036029 0.051758
0 0.947794 0.177734 0.058824 0.039062
0 0.129044 0.467773 0.075735 0.052734
