0 0.341257 0.197861 0.014868 0.053926
0 0.332088 0.381802 0.037706 0.027275
0 0.362261 0.420615 0.025993 0.048262
0 0.543485 0.348311 0.038441 0.026699
0 0.418393 0.601270 0.022081 0.046289
0 0.022853 0.301851 0.031000 0.021670
0 0.011382 0.318193 0.022765 0.052402
0 0.015952 0.813394 0.031904 0.029131
0 0.638507 0.030698 0.028485 0.041865
0 0.655938 0.583335 0.038346 0.026045
0 0.375184 0.651230 0.035662 0.025117
0 0.643632 0.829707 0.029912 0.014883
0 0.232629 0.598024 0.019482 0.043403
0 0.783157 0.224927 0.038336 0.036725
0 0.575851 0.366365 0.046440 0.023643
0 0.796440 0.099609 0.026316 0.037007
0 0.641641 0.323191 0.024768 0.054482
