0 0.804373 0.107268 0.035217 0.050473
0 0.794790 0.226323 0.041051 0.024912
0 0.676213 0.145684 0.020074 0.047227
0 0.522574 0.211860 0.048088 0.027236
0 0.950379 0.664541 0.021346 0.051738
0 0.489312 0.828320 0.038919 0.060937
0 0.255074 0.604199 0.014559 0.063867
0 0.285875 0.491611 0.017338 0.057441
0 0.362287 0.706665 0.026044 0.055908
0 0.348180 0.022949 0.022831 0.045898
0 0.102762 0.474092 0.037692 0.069754
0 0.236227 0.110138 0.037692 0.091912
0 0.186178 0.149529 0.029041 0.077140
0 0.162698 0.148298 0.035220 0.064831
0 0.183706 0.112600 0.041399 0.029543
0 0.408002 0.109728 0.029041 0.033646
0 0.502848 0.910263 0.058082 0.047597
0 0.408311 0.885644 0.042017 0.027902
0 0.868024 0.496250 0.029659 0.061548
0 0.931358 0.312016 0.022862 0.060727
0 0.828170 0.262367 0.029041 0.061548
0 0.828170 0.221745 0.031513 0.037749
0 0.478751 0.306682 0.038309 0.048418
0 0.051477 0.101111 0.029041 0.041032
0 0.867097 0.910673 0.040163 0.046777
0 0.251674 0.768702 0.033984 0.028722
0 0.741047 0.479016 0.030277 0.025440
0 0.075077 0.614618 0.046440 0.032895
0 0.135836 0.460938 0.031734 0.046258
0 0.118808 0.379215 0.034830 0.086349
0 0.513158 0.232216 0.037152 0.043174
0 0.989164 0.190070 0.020124 0.024671
0 0.987616 0.718956 0.017028 0.042146
0 0.988777 0.120169 0.017802 0.051398
0 0.536765 0.080078 0.030186 0.037007
