0 0.774628 0.535681 0.013839 0.082472
0 0.400195 0.592407 0.009766 0.055185
0 0.249773 0.256741 0.033922 0.032000
0 0.935930 0.435312 0.028539 0.064688
0 0.217822 0.386479 0.032106 0.025368
0 0.563142 0.076357 0.024971 0.059614
0 0.439355 0.860223 0.037100 0.031710
0 0.710474 0.891933 0.018550 0.057078
0 0.581019 0.573945 0.015191 0.064300
0 0.619719 0.947531 0.024595 0.068158
0 0.814308 0.463992 0.014468 0.052726
0 0.837818 0.163709 0.029659 0.038580
0 0.958623 0.476209 0.022425 0.048868
