0 0.098611 0.358911 0.030556 0.069307
0 0.162500 0.962871 0.047222 0.059406
0 0.945833 0.548267 0.033333 0.051980
0 0.932639 0.870050 0.034722 0.051980
0 0.267361 0.925743 0.026389 0.054455
0 0.446528 0.316832 0.026389 0.054455
0 0.631944 0.809406 0.025000 0.079208
0 0.970139 0.757426 0.029167 0.064356
0 0.728472 0.633663 0.045833 0.044554
0 0.289583 0.626238 0.065278 0.054455
0 0.211111 0.118812 0.027778 0.069307
0 0.829861 0.746287 0.054167 0.081683
0 0.536111 0.123762 0.036111 0.054455
0 0.101389 0.862624 0.036111 0.071782
0 0.365972 0.488861 0.031944 0.076733
