0 0.285662 0.849609 0.040441 0.082031
0 0.992279 0.450195 0.013971 0.085938
0 0.369485 0.813477 0.058088 0.050781
0 0.464706 0.252930 0.042647 0.056641
0 0.527941 0.752930 0.023529 0.070312
0 0.877574 0.448730 0.084559 0.049805
0 0.291544 0.918945 0.043382 0.074219
0 0.576838 0.870605 0.021324 0.051758
0 0.271324 0.795898 0.060294 0.085938
0 0.977574 0.744141 0.021324 0.062500
0 0.341176 0.937988 0.051471 0.047852
0 0.454412 0.695312 0.083824 0.035156
0 0.384926 0.171387 0.053676 0.063477
0 0.563971 0.085938 0.033824 0.035156
0 0.014338 0.412109 0.030147 0.044922
0 0.148529 0.884277 0.045588 0.045898
0 0.175735 0.924316 0.051471 0.065430
0 0.093750 0.908691 0.061029 0.051758
0 0.492279 0.151855 0.028676 0.041992
0 0.397426 0.785645 0.038971 0.073242
0 0.311765 0.789062 0.038235 0.093750
0 0.275735 0.861816 0.067647 0.174805
0 0.363603 0.151855 0.083088 0.051758
0 0.351103 0.861816 0.043382 0.127930
0 0.441176 0.778320 0.052941 0.041016
0 0.988603 0.416016 0.021324 0.074219
0 0.409926 0.726562 0.068382 0.093750
0 0.509559 0.710938 0.055882 0.089844
0 0.646324 0.452148 0.055882 0.074219
0 0.930515 0.311523 0.065441 0.082031
0 0.558824 0.797363 0.051471 0.034180
0 0.027206 0.365234 0.048529 0.068359
0 0.575000 0.372559 0.030882 0.051758
0 0.906985 0.518066 0.058088 0.069336
0 0.825368 0.380859 0.025735 0.072266
0 0.336397 0.738770 0.050735 0.051758
0 0.639338 0.511230 0.058088 0.059570
0 0.945221 0.792480 0.050735 0.040039
0 0.938603 0.431641 0.059559 0.111328
0 0.440809 0.219727 0.090441 0.105469
0 0.225000 0.912109 0.047059 0.062500
0 0.972426 0.325195 0.047794 0.052734
0 0.863603 0.417480 0.065441 0.075195
0 0.154412 0.056152 0.055882 0.108398
