0 0.090972 0.063119 0.043056 0.042079
0 0.275000 0.116337 0.019444 0.064356
0 0.482639 0.413366 0.051389 0.064356
0 0.919444 0.867574 0.016667 0.071782
0 0.672222 0.623762 0.036111 0.029703
0 0.129861 0.113861 0.029167 0.054455
0 0.027778 0.629950 0.036111 0.042079
0 0.447222 0.439356 0.063889 0.042079
0 0.576389 0.461634 0.036111 0.061881
0 0.165972 0.550743 0.043056 0.047030
0 0.242361 0.529703 0.031944 0.054455
0 0.823611 0.868812 0.033333 0.049505
0 0.781250 0.966584 0.034722 0.051980
0 0.148611 0.945545 0.033333 0.059406
