0 0.266176 0.344727 0.017647 0.023438
0 0.652574 0.043457 0.016912 0.038086
0 0.561029 0.051758 0.019118 0.021484
0 0.715441 0.657227 0.020588 0.029297
0 0.372426 0.962402 0.027206 0.026367
0 0.400735 0.981934 0.019118 0.022461
0 0.008824 0.168945 0.019118 0.027344
0 0.371691 0.197266 0.016912 0.031250
0 0.628676 0.014160 0.019118 0.026367
0 0.166544 0.675781 0.018382 0.025391
0 0.856985 0.613281 0.021324 0.039062
0 0.840074 0.987305 0.025735 0.023438
0 0.234926 0.703613 0.058088 0.041992
0 0.161765 0.151855 0.019118 0.028320
0 0.177941 0.983398 0.023529 0.019531
0 0.763235 0.170898 0.023529 0.048828
0 0.611397 0.750488 0.033088 0.020508
0 0.769485 0.346191 0.027206 0.045898
0 0.419853 0.194824 0.025000 0.041992
0 0.877941 0.900391 0.033824 0.029297
0 0.158824 0.396973 0.027941 0.028320
0 0.070956 0.609863 0.024265 0.053711
0 0.196324 0.539062 0.017647 0.037109
