0 0.397914 0.540431 0.027024 0.036725
0 0.424309 0.409806 0.024510 0.042568
0 0.246770 0.546274 0.046506 0.035056
0 0.527376 0.843833 0.037079 0.069278
0 0.191254 0.019951 0.035449 0.039902
0 0.027438 0.080946 0.022624 0.052584
0 0.919224 0.846958 0.044331 0.041572
0 0.426823 0.634749 0.052162 0.030048
0 0.535231 0.913528 0.018854 0.055088
0 0.631071 0.878055 0.029537 0.025875
0 0.757391 0.794588 0.042107 0.017528
0 0.742622 0.819628 0.015083 0.037560
0 0.776559 0.772469 0.031423 0.035056
0 0.759904 0.765792 0.021996 0.041733
0 0.854487 0.906434 0.018854 0.042568
0 0.515749 0.668970 0.026395 0.073451
0 0.473328 0.347623 0.024510 0.035056
