0 0.331805 0.462500 0.037568 0.106481
0 0.381216 0.040389 0.040557 0.080778
0 0.709404 0.049769 0.019849 0.071759
0 0.725680 0.157407 0.036776 0.074074
0 0.049044 0.423611 0.053297 0.087963
0 0.515758 0.949074 0.033599 0.101852
0 0.977419 0.771296 0.043380 0.148148
0 0.952672 0.545139 0.056385 0.071759
0 0.985938 0.346759 0.028125 0.039815
0 0.866070 0.281713 0.044641 0.057870
0 0.471729 0.353472 0.018458 0.053241
0 0.386036 0.170139 0.036656 0.099537
0 0.517307 0.432870 0.052323 0.069444
0 0.574119 0.099715 0.022436 0.044160
0 0.519231 0.091880 0.028045 0.056980
0 0.856971 0.514957 0.016026 0.045584
0 0.745192 0.728632 0.016827 0.074074
0 0.036859 0.118946 0.018429 0.076923
0 0.174279 0.468661 0.012821 0.047009
0 0.827724 0.169516 0.034455 0.038462
