0 0.552206 0.632812 0.033824 0.048828
0 0.250735 0.589355 0.017647 0.040039
0 0.519853 0.825684 0.045588 0.034180
0 0.529412 0.894531 0.030882 0.042969
0 0.248162 0.490234 0.022794 0.035156
0 0.491544 0.257812 0.034559 0.031250
0 0.622794 0.287598 0.027941 0.036133
0 0.610294 0.872559 0.022059 0.040039
0 0.902206 0.814941 0.027941 0.049805
0 0.248529 0.019531 0.029412 0.039062
0 0.421691 0.597656 0.028676 0.029297
0 0.217647 0.110352 0.025000 0.060547
0 0.075735 0.060059 0.039706 0.051758
0 0.417647 0.422852 0.035294 0.044922
