0 0.125781 0.690278 0.032813 0.043519
0 0.131510 0.637037 0.027604 0.090741
0 0.686458 0.387500 0.025000 0.056481
0 0.835677 0.856019 0.019271 0.041667
0 0.423177 0.827315 0.020313 0.063889
0 0.113281 0.621296 0.028646 0.044444
0 0.243229 0.404630 0.032292 0.025926
0 0.028385 0.296759 0.036979 0.045370
0 0.668750 0.602778 0.012500 0.048148
0 0.853906 0.851389 0.029687 0.032407
0 0.257031 0.130556 0.028646 0.066667
0 0.727604 0.182407 0.027083 0.051852
0 0.211979 0.860185 0.016667 0.059259
0 0.485938 0.056481 0.034375 0.037037
0 0.227604 0.470833 0.065625 0.036111
0 0.900260 0.150463 0.028646 0.039815
0 0.946354 0.281944 0.028125 0.045370
0 0.147135 0.161574 0.028646 0.049074
0 0.634635 0.067593 0.022396 0.040741
0 0.695312 0.963889 0.031250 0.064815
0 0.470833 0.940741 0.031250 0.079630
0 0.124740 0.307870 0.050521 0.050926
0 0.658333 0.065741 0.027083 0.053704
0 0.213281 0.403241 0.047396 0.073148
0 0.270833 0.845370 0.023958 0.037037
0 0.372135 0.190741 0.033854 0.029630
0 0.021875 0.252778 0.043750 0.057407
0 0.513281 0.629630 0.032813 0.025926
0 0.972656 0.643056 0.034896 0.036111
0 0.809375 0.580556 0.030208 0.029630
0 0.709375 0.977778 0.021875 0.044444
0 0.466927 0.270370 0.036979 0.081481
0 0.422135 0.374074 0.028646 0.072222
0 0.154427 0.682870 0.021354 0.067593
0 0.666927 0.388426 0.031771 0.050926
0 0.230729 0.151852 0.035417 0.048148
0 0.653906 0.603241 0.015104 0.043519
0 0.733854 0.651852 0.029167 0.027778
0 0.422656 0.729167 0.025521 0.032407
0 0.201302 0.862963 0.014063 0.051852
0 0.701302 0.193056 0.017188 0.041667
