0 0.618221 0.049185 0.024984 0.098370
0 0.675109 0.225157 0.067927 0.046611
0 0.819958 0.273319 0.043042 0.050343
0 0.040797 0.017593 0.031594 0.035185
0 0.383951 0.397435 0.051234 0.076352
0 0.529677 0.365019 0.037479 0.085593
0 0.183396 0.418963 0.056375 0.049037
0 0.116086 0.725079 0.038422 0.061269
0 0.383359 0.615088 0.044844 0.048694
0 0.686047 0.474315 0.037719 0.119000
0 0.699232 0.540065 0.068255 0.028278
0 0.765982 0.735963 0.036130 0.077481
0 0.599089 0.704343 0.057552 0.032759
0 0.250440 0.171440 0.025880 0.087324
0 0.034849 0.317778 0.032198 0.046667
0 0.260594 0.599583 0.030562 0.095463
0 0.409271 0.715356 0.020625 0.104787
0 0.486341 0.666958 0.028932 0.059843
0 0.346385 0.896884 0.054229 0.041917
0 0.587370 0.443287 0.023698 0.121759
0 0.332719 0.226782 0.023771 0.099861
0 0.493109 0.037833 0.042469 0.055296
0 0.230781 0.357602 0.031354 0.052241
0 0.467430 0.834833 0.021318 0.065963
0 0.517568 0.807509 0.027844 0.057611
0 0.644646 0.765370 0.053875 0.075185
0 0.839603 0.774181 0.021915 0.116880
0 0.803680 0.393731 0.031318 0.087463
0 0.784339 0.446792 0.023885 0.097287
0 0.114135 0.205245 0.027229 0.071602
0 0.189909 0.352282 0.027734 0.065676
0 0.430052 0.085537 0.026771 0.106259
0 0.368260 0.135093 0.014646 0.120185
0 0.128326 0.485884 0.026443 0.058806
0 0.029534 0.839028 0.059068 0.050278
0 0.497273 0.494222 0.061214 0.075481
0 0.605852 0.593782 0.033578 0.024602
0 0.603255 0.637463 0.049219 0.032333
0 0.068109 0.029915 0.021635 0.055556
0 0.080929 0.027066 0.023237 0.052707
0 0.072115 0.060541 0.056891 0.028490
0 0.080529 0.089031 0.041667 0.031339
0 0.064103 0.205840 0.048878 0.048433
0 0.075721 0.272792 0.062500 0.062678
0 0.077724 0.293447 0.044071 0.052707
0 0.090144 0.319801 0.057692 0.037037
0 0.018830 0.365385 0.036859 0.065527
0 0.065705 0.378917 0.055288 0.047009
0 0.072917 0.440171 0.039263 0.078348
0 0.044471 0.437322 0.038462 0.066952
0 0.088141 0.465812 0.042468 0.038462
0 0.086939 0.491453 0.043269 0.027066
0 0.104567 0.547009 0.019231 0.098291
0 0.080929 0.524217 0.044071 0.052707
0 0.084135 0.863248 0.026442 0.058405
0 0.025441 0.925602 0.050881 0.063454
0 0.023638 0.953704 0.030449 0.074074
0 0.055288 0.916667 0.028045 0.059829
0 0.088141 0.938034 0.052083 0.065527
0 0.155449 0.975071 0.042468 0.037037
0 0.217548 0.969373 0.070513 0.045584
0 0.364492 0.972828 0.063484 0.052493
0 0.288462 0.883191 0.052083 0.055556
0 0.297276 0.845442 0.021635 0.068376
0 0.195513 0.873932 0.026442 0.071225
0 0.209535 0.830484 0.043269 0.029915
0 0.161458 0.814815 0.048077 0.027066
0 0.226763 0.754986 0.044071 0.069801
0 0.226763 0.700142 0.047276 0.076923
0 0.276042 0.792023 0.048077 0.064103
0 0.254407 0.761396 0.025641 0.042735
0 0.312500 0.734330 0.047276 0.045584
0 0.354567 0.641026 0.020833 0.092593
0 0.373397 0.690171 0.023237 0.085470
0 0.333333 0.635328 0.028045 0.064103
0 0.308093 0.636752 0.036859 0.078348
0 0.319311 0.693732 0.038462 0.021368
0 0.261619 0.524929 0.056090 0.022792
0 0.294471 0.552707 0.051282 0.044160
0 0.314904 0.485755 0.034455 0.041311
0 0.287260 0.390313 0.028846 0.061254
0 0.232372 0.413105 0.036058 0.064103
0 0.269631 0.347578 0.040064 0.081197
0 0.247596 0.282051 0.036058 0.058405
0 0.187901 0.329772 0.025641 0.096866
0 0.153846 0.230769 0.063301 0.055556
0 0.207933 0.265670 0.046474 0.045584
0 0.166266 0.329772 0.040064 0.039886
0 0.195112 0.183048 0.054487 0.042735
0 0.120192 0.054131 0.031250 0.101140
0 0.149439 0.079772 0.048077 0.064103
0 0.156250 0.030627 0.034455 0.054131
0 0.189103 0.047009 0.040865 0.047009
0 0.195513 0.091168 0.042468 0.044160
0 0.238782 0.089744 0.055288 0.032764
0 0.226763 0.025641 0.056891 0.044160
0 0.278846 0.028490 0.037660 0.052707
0 0.285657 0.169516 0.040064 0.089744
0 0.294471 0.225071 0.059295 0.041311
0 0.369391 0.215100 0.052083 0.078348
0 0.401442 0.123219 0.029647 0.039886
0 0.379407 0.123932 0.022436 0.052707
0 0.367788 0.062678 0.044071 0.069801
0 0.429888 0.089031 0.025641 0.113960
0 0.410256 0.172365 0.036058 0.086895
0 0.288862 0.119658 0.041667 0.092593
0 0.295272 0.104701 0.049679 0.042735
0 0.449920 0.092593 0.028846 0.069801
0 0.454728 0.157407 0.027244 0.059829
0 0.465144 0.219373 0.025641 0.072650
0 0.457532 0.349715 0.029647 0.099715
0 0.413862 0.484330 0.032051 0.084046
0 0.390224 0.528490 0.063301 0.035613
0 0.377804 0.812678 0.028846 0.065527
0 0.396234 0.842593 0.048077 0.034188
0 0.411458 0.807692 0.024038 0.081197
0 0.400641 0.887464 0.031250 0.095442
0 0.424279 0.774929 0.038462 0.049858
0 0.430689 0.933048 0.028846 0.086895
0 0.473832 0.963568 0.043017 0.071011
0 0.530048 0.948006 0.022436 0.079772
0 0.568510 0.826923 0.028846 0.091168
0 0.557692 0.877493 0.040865 0.109687
0 0.580929 0.893162 0.039263 0.106838
0 0.596154 0.909544 0.034455 0.111111
0 0.649840 0.901709 0.042468 0.109687
0 0.670673 0.904558 0.024840 0.086895
0 0.697115 0.896011 0.047276 0.072650
0 0.725160 0.886040 0.052083 0.038462
0 0.726362 0.935897 0.035256 0.081197
0 0.774840 0.939459 0.069712 0.059829
0 0.819444 0.968554 0.039797 0.061040
0 0.881811 0.831909 0.017628 0.098291
0 0.889824 0.834758 0.016026 0.106838
0 0.913462 0.903134 0.040865 0.092593
0 0.870593 0.915242 0.052885 0.051282
0 0.854167 0.783476 0.028045 0.101140
0 0.794071 0.859687 0.072917 0.088319
0 0.766026 0.794160 0.056891 0.037037
0 0.813301 0.784900 0.021635 0.058405
0 0.811298 0.774929 0.041667 0.069801
0 0.791667 0.708689 0.061699 0.068376
0 0.798077 0.642450 0.039263 0.041311
0 0.842147 0.684473 0.084135 0.148148
0 0.866587 0.650997 0.022436 0.089744
0 0.895032 0.701567 0.016827 0.096866
0 0.915465 0.693732 0.052885 0.098291
0 0.981911 0.940057 0.035136 0.066723
0 0.970693 0.680125 0.057572 0.071077
0 0.916667 0.601140 0.037660 0.055556
0 0.899038 0.605413 0.053686 0.044160
0 0.893029 0.504274 0.032051 0.121083
0 0.901442 0.482906 0.034455 0.069801
0 0.970353 0.439459 0.047276 0.045584
0 0.949920 0.484330 0.043269 0.069801
0 0.987179 0.491453 0.023237 0.035613
0 0.915064 0.388889 0.071314 0.075499
0 0.973558 0.383191 0.031250 0.084046
0 0.981911 0.326773 0.035136 0.088018
0 0.947516 0.351852 0.024038 0.101140
0 0.885016 0.279202 0.065705 0.121083
0 0.832933 0.185897 0.032051 0.113960
0 0.904647 0.188034 0.020032 0.081197
0 0.953926 0.163105 0.059295 0.031339
0 0.933494 0.225071 0.040865 0.044160
0 0.992728 0.149270 0.013502 0.097685
0 0.850962 0.113248 0.037660 0.045584
0 0.903045 0.099003 0.042468 0.039886
0 0.951522 0.090456 0.032051 0.068376
0 0.919071 0.051994 0.052083 0.074074
0 0.934295 0.021368 0.032853 0.035613
0 0.959135 0.033476 0.045673 0.051282
0 0.983514 0.024299 0.031931 0.043994
0 0.769631 0.278490 0.032051 0.039886
0 0.762420 0.210114 0.041667 0.068376
0 0.761619 0.368946 0.025641 0.069801
0 0.730769 0.359687 0.045673 0.031339
0 0.723958 0.254274 0.030449 0.042735
0 0.643029 0.495014 0.046474 0.059829
0 0.585737 0.525641 0.053686 0.112536
0 0.637019 0.579060 0.047276 0.062678
0 0.625401 0.667379 0.028846 0.059829
0 0.522035 0.702279 0.027244 0.061254
0 0.551282 0.696581 0.024840 0.055556
0 0.506010 0.606125 0.044872 0.045584
0 0.451122 0.590456 0.016827 0.074074
0 0.470753 0.613248 0.022436 0.056980
0 0.487179 0.418091 0.029647 0.042735
0 0.538061 0.376781 0.044872 0.025641
0 0.599760 0.162393 0.068910 0.055556
0 0.561298 0.064103 0.012821 0.066952
0 0.594151 0.100427 0.052885 0.025641
0 0.597756 0.023504 0.031250 0.045584
0 0.499199 0.125356 0.023237 0.089744
0 0.494391 0.228632 0.023237 0.059829
0 0.127003 0.654558 0.038462 0.068376
0 0.753205 0.443732 0.028045 0.088319
0 0.733574 0.485755 0.040064 0.032764
0 0.818109 0.544160 0.023237 0.103989
0 0.827324 0.599003 0.060897 0.054131
0 0.645833 0.133903 0.028045 0.066952
0 0.659856 0.023504 0.033654 0.045584
0 0.702324 0.059117 0.041667 0.082621
0 0.738496 0.049501 0.031822 0.099003
0 0.753606 0.055556 0.020833 0.106838
0 0.771635 0.076211 0.015224 0.079772
0 0.805288 0.091880 0.031250 0.074074
0 0.483974 0.886040 0.037660 0.038462
0 0.141426 0.532764 0.033654 0.055556
0 0.160657 0.523504 0.032051 0.068376
0 0.184295 0.518519 0.039263 0.066952
0 0.262821 0.504274 0.045673 0.061254
0 0.737981 0.616809 0.016827 0.072650
0 0.737580 0.636752 0.064103 0.052707
0 0.702724 0.680199 0.036058 0.076923
0 0.717147 0.706553 0.020032 0.041311
0 0.701122 0.788462 0.023237 0.108262
0 0.673878 0.783476 0.031250 0.101140
0 0.222356 0.527066 0.044872 0.032764
0 0.223558 0.599003 0.036058 0.079772
0 0.443510 0.665954 0.032051 0.042735
0 0.422276 0.337607 0.029647 0.049858
0 0.979507 0.834687 0.039944 0.046868
