0 0.636596 0.556046 0.013818 0.063944
0 0.624745 0.861236 0.027615 0.066917
0 0.990299 0.948065 0.014974 0.075759
0 0.983854 0.972685 0.032292 0.054630
0 0.212701 0.282481 0.021234 0.046444
0 0.668269 0.155983 0.039263 0.085470
0 0.653045 0.086895 0.036058 0.101140
0 0.920673 0.684473 0.048878 0.051282
0 0.915465 0.191595 0.027244 0.094017
0 0.152644 0.279915 0.036859 0.071225
0 0.310096 0.163105 0.053686 0.059829
0 0.765224 0.214387 0.020032 0.105413
0 0.107372 0.326211 0.024840 0.098291
0 0.592147 0.861111 0.031250 0.082621
