0 0.209722 0.304455 0.030556 0.059406
0 0.207639 0.919554 0.040278 0.037129
0 0.118056 0.424505 0.038889 0.051980
0 0.818750 0.342822 0.043056 0.032178
0 0.104861 0.538366 0.031944 0.032178
0 0.675694 0.589109 0.026389 0.039604
0 0.890972 0.881188 0.020833 0.049505
0 0.842361 0.737624 0.023611 0.074257
0 0.334028 0.940594 0.040278 0.034653
0 0.182639 0.376238 0.029167 0.044554
0 0.861806 0.560644 0.026389 0.047030
0 0.534722 0.642327 0.027778 0.042079
0 0.759028 0.508663 0.026389 0.056931
0 0.727778 0.506188 0.025000 0.061881
0 0.959722 0.500000 0.022222 0.059406
0 0.134722 0.230198 0.044444 0.034653
0 0.952083 0.193069 0.018056 0.064356
0 0.362500 0.261139 0.027778 0.061881
0 0.653472 0.459158 0.034722 0.037129
0 0.836111 0.637376 0.041667 0.061881
0 0.473611 0.040842 0.038889 0.042079
0 0.429861 0.373762 0.029167 0.059406
0 0.623611 0.837871 0.050000 0.042079
0 0.411111 0.481436 0.025000 0.071782
0 0.577778 0.743812 0.027778 0.061881
0 0.443750 0.242574 0.020833 0.064356
0 0.064583 0.788366 0.040278 0.061881
