0 0.118750 0.707520 0.025735 0.032227
0 0.451838 0.747559 0.022794 0.049805
0 0.265809 0.030273 0.018382 0.027344
0 0.159559 0.052734 0.023529 0.027344
0 0.300368 0.014648 0.015441 0.031250
0 0.562868 0.572266 0.025735 0.041016
0 0.685662 0.594727 0.033088 0.023438
0 0.769485 0.950195 0.018382 0.031250
0 0.683456 0.933105 0.034559 0.028320
0 0.222059 0.875977 0.013235 0.037109
0 0.907353 0.849609 0.030882 0.023438
0 0.086397 0.816406 0.016912 0.039062
0 0.230147 0.035156 0.023529 0.025391
0 0.783088 0.375488 0.023529 0.047852
0 0.615809 0.377441 0.033088 0.036133
