0 0.517992 0.325301 0.031818 0.058009
0 0.431135 0.348306 0.029979 0.085500
0 0.406318 0.403685 0.026177 0.061074
0 0.448031 0.091750 0.031479 0.040907
0 0.466497 0.075681 0.022578 0.053213
0 0.482560 0.021644 0.025536 0.043287
0 0.676208 0.670171 0.014917 0.079231
0 0.597469 0.744935 0.041812 0.054685
0 0.793070 0.715000 0.033016 0.061481
0 0.811203 0.779380 0.035948 0.053204
0 0.744268 0.893917 0.040620 0.054500
0 0.464010 0.957245 0.023854 0.084861
0 0.992362 0.512500 0.014932 0.080556
0 0.689206 0.017509 0.034661 0.035019
0 0.583909 0.020278 0.032401 0.035000
0 0.164927 0.525398 0.042354 0.030426
0 0.210083 0.950000 0.043083 0.027778
0 0.037115 0.746431 0.040896 0.041009
0 0.049536 0.229764 0.059490 0.022491
0 0.198776 0.688889 0.037135 0.074074
0 0.188570 0.096651 0.036387 0.049467
0 0.632349 0.094115 0.020691 0.049467
0 0.604523 0.649670 0.032106 0.029173
0 0.265625 0.359843 0.026398 0.055809
