0 0.150000 0.160891 0.025000 0.089109
0 0.826389 0.232673 0.027778 0.064356
0 0.718750 0.549505 0.034722 0.039604
0 0.836111 0.652228 0.038889 0.032178
0 0.152778 0.826733 0.027778 0.054455
0 0.986111 0.954208 0.027778 0.047030
0 0.244444 0.559406 0.025000 0.054455
0 0.668750 0.627475 0.031944 0.032178
0 0.109028 0.042079 0.040278 0.074257
0 0.076389 0.667079 0.052778 0.051980
0 0.352778 0.509901 0.063889 0.054455
0 0.097222 0.126238 0.058333 0.044554
0 0.779861 0.969059 0.034722 0.051980
0 0.167361 0.545792 0.040278 0.051980
0 0.609722 0.548267 0.044444 0.051980
0 0.498611 0.399752 0.044444 0.066832
0 0.215972 0.173267 0.020833 0.079208
0 0.862500 0.956683 0.047222 0.071782
