0 0.527574 0.639648 0.058088 0.039062
0 0.398162 0.516602 0.015441 0.039062
0 0.614706 0.859863 0.025000 0.049805
0 0.327206 0.983398 0.023529 0.031250
0 0.248162 0.013184 0.028676 0.028320
0 0.483088 0.264648 0.030882 0.029297
0 0.530882 0.886230 0.027941 0.049805
0 0.894485 0.812988 0.031618 0.030273
0 0.219853 0.058105 0.023529 0.043945
0 0.252206 0.563477 0.033824 0.035156
0 0.267279 0.484863 0.033088 0.030273
0 0.423897 0.410645 0.028676 0.053711
0 0.080882 0.054688 0.020588 0.056641
0 0.521691 0.825684 0.036029 0.043945
0 0.423162 0.603516 0.033088 0.031250
