0 0.245139 0.680693 0.037500 0.029703
0 0.890972 0.827970 0.015278 0.061881
0 0.213889 0.829208 0.030556 0.064356
0 0.077778 0.034653 0.050000 0.054455
0 0.550694 0.425743 0.026389 0.064356
0 0.834722 0.059406 0.041667 0.044554
0 0.783333 0.970297 0.030556 0.044554
0 0.486111 0.334158 0.050000 0.084158
0 0.169444 0.565594 0.038889 0.037129
0 0.672222 0.627475 0.033333 0.032178
0 0.402083 0.289604 0.043056 0.074257
0 0.137500 0.941832 0.033333 0.051980
0 0.822222 0.867574 0.033333 0.051980
0 0.487500 0.403465 0.044444 0.064356
0 0.017361 0.434406 0.034722 0.056931
