0 0.050000 0.504395 0.025000 0.028320
0 0.826103 0.561523 0.033088 0.027344
0 0.156618 0.396484 0.023529 0.039062
0 0.924265 0.236816 0.020588 0.047852
0 0.676838 0.124023 0.025735 0.027344
0 0.837868 0.610352 0.018382 0.064453
0 0.840441 0.321777 0.035294 0.034180
0 0.810662 0.608398 0.028676 0.070312
0 0.373529 0.186523 0.038235 0.054688
0 0.113235 0.750488 0.035294 0.032227
0 0.765074 0.766113 0.046324 0.051758
0 0.114706 0.082520 0.020588 0.049805
0 0.577206 0.795898 0.035294 0.078125
